1 1 2 5 1 4 8
2 1 2 5 1 8 9
3 1 2 5 1 9 10
4 1 2 5 1 10 11
5 1 2 5 1 11 12
6 1 2 5 1 12 13
7 1 2 5 1 13 14
8 1 2 5 1 14 15
9 1 2 5 1 15 16
10 1 2 5 1 16 17
11 1 2 5 1 17 18
12 1 2 5 1 18 19
13 1 2 5 1 19 20
14 1 2 5 1 20 21
15 1 2 5 1 21 22
16 1 2 5 1 22 23
17 1 2 5 1 23 24
18 1 2 5 1 24 25
19 1 2 5 1 25 1
20 1 2 4 2 1 26
21 1 2 4 2 26 27
22 1 2 4 2 27 28
23 1 2 4 2 28 29
24 1 2 4 2 29 30
25 1 2 4 2 30 31
26 1 2 4 2 31 32
27 1 2 4 2 32 33
28 1 2 4 2 33 34
29 1 2 4 2 34 35
30 1 2 4 2 35 36
31 1 2 4 2 36 37
32 1 2 4 2 37 38
33 1 2 4 2 38 39
34 1 2 4 2 39 40
35 1 2 4 2 40 41
36 1 2 4 2 41 42
37 1 2 4 2 42 43
38 1 2 4 2 43 44
39 1 2 4 2 44 45
40 1 2 4 2 45 46
41 1 2 4 2 46 47
42 1 2 4 2 47 48
43 1 2 4 2 48 49
44 1 2 4 2 49 50
45 1 2 4 2 50 51
46 1 2 4 2 51 52
47 1 2 4 2 52 53
48 1 2 4 2 53 54
49 1 2 4 2 54 55
50 1 2 4 2 55 56
51 1 2 4 2 56 57
52 1 2 4 2 57 58
53 1 2 4 2 58 59
54 1 2 4 2 59 60
55 1 2 4 2 60 61
56 1 2 4 2 61 62
57 1 2 4 2 62 63
58 1 2 4 2 63 2
59 1 2 5 3 2 64
60 1 2 5 3 64 65
61 1 2 5 3 65 66
62 1 2 5 3 66 67
63 1 2 5 3 67 68
64 1 2 5 3 68 69
65 1 2 5 3 69 70
66 1 2 5 3 70 71
67 1 2 5 3 71 72
68 1 2 5 3 72 73
69 1 2 5 3 73 74
70 1 2 5 3 74 75
71 1 2 5 3 75 76
72 1 2 5 3 76 77
73 1 2 5 3 77 78
74 1 2 5 3 78 79
75 1 2 5 3 79 80
76 1 2 5 3 80 81
77 1 2 5 3 81 3
78 1 2 4 4 3 82
79 1 2 4 4 82 83
80 1 2 4 4 83 84
81 1 2 4 4 84 85
82 1 2 4 4 85 86
83 1 2 4 4 86 87
84 1 2 4 4 87 88
85 1 2 4 4 88 89
86 1 2 4 4 89 90
87 1 2 4 4 90 91
88 1 2 4 4 91 92
89 1 2 4 4 92 93
90 1 2 4 4 93 94
91 1 2 4 4 94 95
92 1 2 4 4 95 96
93 1 2 4 4 96 97
94 1 2 4 4 97 98
95 1 2 4 4 98 99
96 1 2 4 4 99 100
97 1 2 4 4 100 101
98 1 2 4 4 101 102
99 1 2 4 4 102 103
100 1 2 4 4 103 104
101 1 2 4 4 104 105
102 1 2 4 4 105 106
103 1 2 4 4 106 107
104 1 2 4 4 107 108
105 1 2 4 4 108 109
106 1 2 4 4 109 110
107 1 2 4 4 110 111
108 1 2 4 4 111 112
109 1 2 4 4 112 113
110 1 2 4 4 113 114
111 1 2 4 4 114 115
112 1 2 4 4 115 116
113 1 2 4 4 116 117
114 1 2 4 4 117 118
115 1 2 4 4 118 119
116 1 2 4 4 119 4
117 1 2 1 5 5 120
118 1 2 1 5 120 121
119 1 2 1 5 121 122
120 1 2 1 5 122 123
121 1 2 1 5 123 124
122 1 2 1 5 124 125
123 1 2 1 5 125 126
124 1 2 1 5 126 127
125 1 2 1 5 127 128
126 1 2 1 5 128 129
127 1 2 1 5 129 130
128 1 2 1 5 130 131
129 1 2 1 5 131 132
130 1 2 1 5 132 133
131 1 2 1 5 133 134
132 1 2 1 5 134 135
133 1 2 1 5 135 136
134 1 2 1 5 136 137
135 1 2 1 5 137 5
136 1 2 3 6 6 138
137 1 2 3 6 138 139
138 1 2 3 6 139 140
139 1 2 3 6 140 141
140 1 2 3 6 141 142
141 1 2 3 6 142 143
142 1 2 3 6 143 144
143 1 2 3 6 144 145
144 1 2 3 6 145 146
145 1 2 3 6 146 147
146 1 2 3 6 147 148
147 1 2 3 6 148 149
148 1 2 3 6 149 150
149 1 2 3 6 150 151
150 1 2 3 6 151 152
151 1 2 3 6 152 153
152 1 2 3 6 153 154
153 1 2 3 6 154 155
154 1 2 3 6 155 6
155 1 2 2 7 7 156
156 1 2 2 7 156 157
157 1 2 2 7 157 158
158 1 2 2 7 158 159
159 1 2 2 7 159 160
160 1 2 2 7 160 161
161 1 2 2 7 161 162
162 1 2 2 7 162 163
163 1 2 2 7 163 164
164 1 2 2 7 164 165
165 1 2 2 7 165 166
166 1 2 2 7 166 167
167 1 2 2 7 167 168
168 1 2 2 7 168 169
169 1 2 2 7 169 170
170 1 2 2 7 170 171
171 1 2 2 7 171 172
172 1 2 2 7 172 173
173 1 2 2 7 173 7