174 2 2 6 1 146 721 147
175 2 2 6 1 164 722 165
176 2 2 6 1 147 721 406
177 2 2 6 1 407 722 164
178 2 2 6 1 477 615 285
179 2 2 6 1 303 732 622
180 2 2 6 1 399 768 321
181 2 2 6 1 402 626 135
182 2 2 6 1 122 627 403
183 2 2 6 1 116 659 501
184 2 2 6 1 237 699 352
185 2 2 6 1 497 732 303
186 2 2 6 1 203 845 747
187 2 2 6 1 183 457 361
188 2 2 6 1 432 446 202
189 2 2 6 1 361 620 183
190 2 2 6 1 184 621 362
191 2 2 6 1 279 611 476
192 2 2 6 1 232 441 417
193 2 2 6 1 478 587 301
194 2 2 6 1 615 701 285
195 2 2 6 1 234 500 371
196 2 2 6 1 208 431 409
197 2 2 6 1 288 550 467
198 2 2 6 1 187 663 411
199 2 2 6 1 358 707 236
200 2 2 6 1 409 431 50
201 2 2 6 1 461 551 289
202 2 2 6 1 279 683 611
203 2 2 6 1 134 402 135
204 2 2 6 1 122 403 123
205 2 2 6 1 408 499 246
206 2 2 6 1 217 768 399
207 2 2 6 1 286 733 718
208 2 2 6 1 478 674 587
209 2 2 6 1 352 494 237
210 2 2 6 1 403 601 123
211 2 2 6 1 134 602 402
212 2 2 6 1 174 463 410
213 2 2 6 1 362 879 184
214 2 2 6 1 411 943 447
215 2 2 6 1 448 944 412
216 2 2 6 1 675 714 397
217 2 2 6 1 251 457 443
218 2 2 6 1 468 845 203
219 2 2 6 1 366 484 189
220 2 2 6 1 236 493 358
221 2 2 6 1 381 678 281
222 2 2 6 1 367 547 63
223 2 2 6 1 391 458 239
224 2 2 6 1 413 592 223
225 2 2 6 1 274 513 379
226 2 2 6 1 381 668 184
227 2 2 6 1 255 548 317
228 2 2 6 1 318 549 256
229 2 2 6 1 239 783 391
230 2 2 6 1 583 725 389
231 2 2 6 1 390 726 582
232 2 2 6 1 379 515 276
233 2 2 6 1 411 663 534
234 2 2 6 1 316 805 404
235 2 2 6 1 594 669 78
236 2 2 6 1 72 606 540
237 2 2 6 1 26 537 451
238 2 2 6 1 449 544 119
239 2 2 6 1 371 579 234
240 2 2 6 1 402 690 626
241 2 2 6 1 627 691 403
242 2 2 6 1 333 657 508
243 2 2 6 1 509 658 334
244 2 2 6 1 501 659 299
245 2 2 6 1 417 441 257
246 2 2 6 1 352 751 271
247 2 2 6 1 287 740 393
248 2 2 6 1 443 457 183
249 2 2 6 1 347 857 413
250 2 2 6 1 783 794 388
251 2 2 6 1 408 851 499
252 2 2 6 1 239 794 783
253 2 2 6 1 408 460 264
254 2 2 6 1 219 741 395
255 2 2 6 1 82 564 454
256 2 2 6 1 229 551 461
257 2 2 6 1 243 446 432
258 2 2 6 1 186 545 470
259 2 2 6 1 181 685 500
260 2 2 6 1 399 828 217
261 2 2 6 1 467 550 230
262 2 2 6 1 857 866 413
263 2 2 6 1 172 518 173
264 2 2 6 1 138 519 139
265 2 2 6 1 442 468 266
266 2 2 6 1 456 512 191
267 2 2 6 1 393 732 287
268 2 2 6 1 381 768 678
269 2 2 6 1 169 605 574
270 2 2 6 1 7 424 156
271 2 2 6 1 155 423 6
272 2 2 6 1 272 757 358
273 2 2 6 1 206 866 857
274 2 2 6 1 500 685 371
275 2 2 6 1 376 893 260
276 2 2 6 1 281 668 381
277 2 2 6 1 385 764 212
278 2 2 6 1 271 611 453
279 2 2 6 1 73 606 72
280 2 2 6 1 411 447 236
281 2 2 6 1 237 448 412
282 2 2 6 1 390 927 790
283 2 2 6 1 789 926 389
284 2 2 6 1 189 715 366
285 2 2 6 1 174 588 395
286 2 2 6 1 369 529 215
287 2 2 6 1 216 530 370
288 2 2 6 1 395 463 174
289 2 2 6 1 718 733 392
290 2 2 6 1 625 775 175
291 2 2 6 1 246 460 408
292 2 2 6 1 335 525 423
293 2 2 6 1 424 524 336
294 2 2 6 1 212 682 385
295 2 2 6 1 51 409 50
296 2 2 6 1 470 545 301
297 2 2 6 1 328 676 640
298 2 2 6 1 641 677 327
299 2 2 6 1 184 573 381
300 2 2 6 1 175 909 625
301 2 2 6 1 685 755 243
302 2 2 6 1 282 583 325
303 2 2 6 1 326 582 283
304 2 2 6 1 260 556 376
305 2 2 6 1 215 538 369
306 2 2 6 1 247 483 410
307 2 2 6 1 7 796 424
308 2 2 6 1 423 795 6
309 2 2 6 1 226 772 406
310 2 2 6 1 407 773 225
311 2 2 6 1 235 958 395
312 2 2 6 1 437 728 231
313 2 2 6 1 444 615 272
314 2 2 6 1 97 847 651
315 2 2 6 1 191 512 474
316 2 2 6 1 406 772 330
317 2 2 6 1 329 773 407
318 2 2 6 1 423 779 335
319 2 2 6 1 336 780 424
320 2 2 6 1 419 759 304
321 2 2 6 1 246 468 442
322 2 2 6 1 242 488 397
323 2 2 6 1 155 779 423
324 2 2 6 1 424 780 156
325 2 2 6 1 222 714 675
326 2 2 6 1 372 739 305
327 2 2 6 1 678 768 217
328 2 2 6 1 805 959 404
329 2 2 6 1 271 568 352
330 2 2 6 1 395 498 219
331 2 2 6 1 386 820 254
332 2 2 6 1 397 887 675
333 2 2 6 1 305 705 372
334 2 2 6 1 254 650 386
335 2 2 6 1 172 643 518
336 2 2 6 1 519 644 139
337 2 2 6 1 395 958 498
338 2 2 6 1 406 790 147
339 2 2 6 1 164 789 407
340 2 2 6 1 484 734 238
341 2 2 6 1 220 482 410
342 2 2 6 1 416 473 232
343 2 2 6 1 443 558 251
344 2 2 6 1 410 483 174
345 2 2 6 1 358 572 272
346 2 2 6 1 604 728 437
347 2 2 6 1 484 838 734
348 2 2 6 1 92 420 91
349 2 2 6 1 478 545 257
350 2 2 6 1 17 428 16
351 2 2 6 1 389 899 789
352 2 2 6 1 790 900 390
353 2 2 6 1 405 637 279
354 2 2 6 1 419 588 174
355 2 2 6 1 210 758 485
356 2 2 6 1 425 724 136
357 2 2 6 1 496 741 733
358 2 2 6 1 182 497 496
359 2 2 6 1 523 598 341
360 2 2 6 1 442 460 246
361 2 2 6 1 247 612 595
362 2 2 6 1 403 811 601
363 2 2 6 1 602 812 402
364 2 2 6 1 580 640 104
365 2 2 6 1 435 490 319
366 2 2 6 1 321 680 399
367 2 2 6 1 412 716 188
368 2 2 6 1 464 512 263
369 2 2 6 1 364 755 685
370 2 2 6 1 178 959 805
371 2 2 6 1 592 895 223
372 2 2 6 1 236 922 400
373 2 2 6 1 401 923 237
374 2 2 6 1 54 672 399
375 2 2 6 1 447 922 236
376 2 2 6 1 237 923 448
377 2 2 6 1 507 875 715
378 2 2 6 1 714 774 242
379 2 2 6 1 190 460 442
380 2 2 6 1 184 879 573
381 2 2 6 1 485 758 340
382 2 2 6 1 109 444 108
383 2 2 6 1 392 733 219
384 2 2 6 1 220 732 393
385 2 2 6 1 397 714 242
386 2 2 6 1 410 482 247
387 2 2 6 1 379 921 515
388 2 2 6 1 83 564 82
389 2 2 6 1 513 921 379
390 2 2 6 1 186 820 459
391 2 2 6 1 540 746 71
392 2 2 6 1 50 431 49
393 2 2 6 1 418 546 250
394 2 2 6 1 43 861 421
395 2 2 6 1 422 862 102
396 2 2 6 1 242 533 488
397 2 2 6 1 430 837 313
398 2 2 6 1 595 612 359
399 2 2 6 1 336 524 209
400 2 2 6 1 208 525 335
401 2 2 6 1 508 657 210
402 2 2 6 1 211 658 509
403 2 2 6 1 119 544 118
404 2 2 6 1 19 471 18
405 2 2 6 1 15 472 14
406 2 2 6 1 303 741 496
407 2 2 6 1 279 762 405
408 2 2 6 1 11 439 10
409 2 2 6 1 221 930 841
410 2 2 6 1 510 907 387
411 2 2 6 1 433 555 280
412 2 2 6 1 51 713 409
413 2 2 6 1 72 540 71
414 2 2 6 1 427 467 230
415 2 2 6 1 413 863 347
416 2 2 6 1 23 450 22
417 2 2 6 1 640 676 103
418 2 2 6 1 42 677 641
419 2 2 6 1 357 736 642
420 2 2 6 1 452 593 191
421 2 2 6 1 301 545 478
422 2 2 6 1 27 537 26
423 2 2 6 1 244 512 464
424 2 2 6 1 375 809 654
425 2 2 6 1 506 854 331
426 2 2 6 1 646 735 356
427 2 2 6 1 507 715 252
428 2 2 6 1 611 747 453
429 2 2 6 1 428 520 261
430 2 2 6 1 262 520 428
431 2 2 6 1 470 820 186
432 2 2 6 1 167 438 168
433 2 2 6 1 143 437 144
434 2 2 6 1 656 759 419
435 2 2 6 1 394 586 86
436 2 2 6 1 457 655 361
437 2 2 6 1 414 662 194
438 2 2 6 1 193 661 415
439 2 2 6 1 331 870 506
440 2 2 6 1 142 636 604
441 2 2 6 1 360 624 559
442 2 2 6 1 79 594 78
443 2 2 6 1 191 593 456
444 2 2 6 1 398 598 253
445 2 2 6 1 13 481 12
446 2 2 6 1 21 480 20
447 2 2 6 1 282 725 583
448 2 2 6 1 582 726 283
449 2 2 6 1 340 688 485
450 2 2 6 1 495 815 110
451 2 2 6 1 540 569 320
452 2 2 6 1 666 709 198
453 2 2 6 1 265 569 540
454 2 2 6 1 370 727 216
455 2 2 6 1 474 554 191
456 2 2 6 1 276 832 379
457 2 2 6 1 253 598 523
458 2 2 6 1 96 440 95
459 2 2 6 1 121 756 426
460 2 2 6 1 218 637 405
461 2 2 6 1 394 853 280
462 2 2 6 1 675 887 382
463 2 2 6 1 253 523 427
464 2 2 6 1 766 882 372
465 2 2 6 1 229 461 436
466 2 2 6 1 304 782 419
467 2 2 6 1 89 462 88
468 2 2 6 1 243 885 685
469 2 2 6 1 37 453 36
470 2 2 6 1 257 545 417
471 2 2 6 1 223 863 413
472 2 2 6 1 407 691 277
473 2 2 6 1 278 690 406
474 2 2 6 1 214 598 398
475 2 2 6 1 398 649 214
476 2 2 6 1 323 620 508
477 2 2 6 1 509 621 324
478 2 2 6 1 241 621 509
479 2 2 6 1 508 620 240
480 2 2 6 1 232 577 416
481 2 2 6 1 335 702 208
482 2 2 6 1 209 703 336
483 2 2 6 1 318 798 549
484 2 2 6 1 548 799 317
485 2 2 6 1 258 543 436
486 2 2 6 1 365 865 434
487 2 2 6 1 210 600 508
488 2 2 6 1 688 818 485
489 2 2 6 1 280 888 394
490 2 2 6 1 184 807 621
491 2 2 6 1 19 890 471
492 2 2 6 1 472 891 14
493 2 2 6 1 181 500 430
494 2 2 6 1 360 769 513
495 2 2 6 1 302 770 445
496 2 2 6 1 63 547 62
497 2 2 6 1 654 809 266
498 2 2 6 1 436 543 229
499 2 2 6 1 443 645 558
500 2 2 6 1 417 545 186
501 2 2 6 1 395 741 463
502 2 2 6 1 425 613 298
503 2 2 6 1 297 614 426
504 2 2 6 1 142 604 143
505 2 2 6 1 168 605 169
506 2 2 6 1 427 534 253
507 2 2 6 1 487 930 221
508 2 2 6 1 409 584 208
509 2 2 6 1 230 534 427
510 2 2 6 1 330 790 406
511 2 2 6 1 407 789 329
512 2 2 6 1 383 774 714
513 2 2 6 1 479 579 302
514 2 2 6 1 234 579 479
515 2 2 6 1 620 814 183
516 2 2 6 1 9 449 8
517 2 2 6 1 25 451 24
518 2 2 6 1 89 503 462
519 2 2 6 1 434 865 215
520 2 2 6 1 98 847 97
521 2 2 6 1 458 869 177
522 2 2 6 1 105 580 104
523 2 2 6 1 302 579 432
524 2 2 6 1 136 724 137
525 2 2 6 1 455 724 298
526 2 2 6 1 583 823 325
527 2 2 6 1 326 824 582
528 2 2 6 1 258 624 405
529 2 2 6 1 395 588 235
530 2 2 6 1 253 663 398
531 2 2 6 1 463 622 410
532 2 2 6 1 553 673 313
533 2 2 6 1 309 655 457
534 2 2 6 1 236 707 411
535 2 2 6 1 317 831 255
536 2 2 6 1 440 541 95
537 2 2 6 1 389 926 583
538 2 2 6 1 582 927 390
539 2 2 6 1 412 699 237
540 2 2 6 1 233 792 459
541 2 2 6 1 416 577 250
542 2 2 6 1 455 914 724
543 2 2 6 1 559 624 258
544 2 2 6 1 260 821 743
545 2 2 6 1 436 559 258
546 2 2 6 1 496 497 303
547 2 2 6 1 442 956 190
548 2 2 6 1 13 891 481
549 2 2 6 1 480 890 20
550 2 2 6 1 315 507 469
551 2 2 6 1 444 765 615
552 2 2 6 1 410 622 220
553 2 2 6 1 508 600 323
554 2 2 6 1 420 817 91
555 2 2 6 1 370 530 471
556 2 2 6 1 472 529 369
557 2 2 6 1 796 929 424
558 2 2 6 1 423 928 795
559 2 2 6 1 63 852 367
560 2 2 6 1 237 581 401
561 2 2 6 1 29 535 532
562 2 2 6 1 351 815 495
563 2 2 6 1 642 736 306
564 2 2 6 1 417 577 232
565 2 2 6 1 405 624 218
566 2 2 6 1 348 669 594
567 2 2 6 1 307 735 646
568 2 2 6 1 86 853 394
569 2 2 6 1 469 507 252
570 2 2 6 1 465 517 290
571 2 2 6 1 250 546 416
572 2 2 6 1 445 486 238
573 2 2 6 1 81 454 80
574 2 2 6 1 543 716 412
575 2 2 6 1 240 524 424
576 2 2 6 1 423 525 241
577 2 2 6 1 228 786 726
578 2 2 6 1 725 787 227
579 2 2 6 1 277 691 627
580 2 2 6 1 626 690 278
581 2 2 6 1 426 627 121
582 2 2 6 1 136 626 425
583 2 2 6 1 435 908 490
584 2 2 6 1 248 907 510
585 2 2 6 1 500 837 430
586 2 2 6 1 391 869 458
587 2 2 6 1 406 721 278
588 2 2 6 1 277 722 407
589 2 2 6 1 433 819 555
590 2 2 6 1 377 948 824
591 2 2 6 1 823 949 378
592 2 2 6 1 404 939 316
593 2 2 6 1 405 716 258
594 2 2 6 1 360 761 624
595 2 2 6 1 215 877 434
596 2 2 6 1 369 538 481
597 2 2 6 1 297 711 438
598 2 2 6 1 264 667 408
599 2 2 6 1 635 844 489
600 2 2 6 1 406 690 226
601 2 2 6 1 225 691 407
602 2 2 6 1 44 861 43
603 2 2 6 1 102 862 101
604 2 2 6 1 111 495 110
605 2 2 6 1 509 628 211
606 2 2 6 1 488 533 266
607 2 2 6 1 452 739 223
608 2 2 6 1 251 558 420
609 2 2 6 1 325 917 803
610 2 2 6 1 804 918 326
611 2 2 6 1 598 802 341
612 2 2 6 1 357 642 434
613 2 2 6 1 433 576 185
614 2 2 6 1 429 878 216
615 2 2 6 1 651 847 318
616 2 2 6 1 446 759 202
617 2 2 6 1 399 680 54
618 2 2 6 1 799 948 377
619 2 2 6 1 378 949 798
620 2 2 6 1 194 963 414
621 2 2 6 1 415 964 193
622 2 2 6 1 58 469 57
623 2 2 6 1 317 799 377
624 2 2 6 1 378 798 318
625 2 2 6 1 414 963 562
626 2 2 6 1 563 964 415
627 2 2 6 1 789 899 329
628 2 2 6 1 330 900 790
629 2 2 6 1 459 792 575
630 2 2 6 1 277 627 426
631 2 2 6 1 425 626 278
632 2 2 6 1 45 918 804
633 2 2 6 1 803 917 100
634 2 2 6 1 205 730 701
635 2 2 6 1 441 633 195
636 2 2 6 1 169 679 170
637 2 2 6 1 490 908 190
638 2 2 6 1 322 731 492
639 2 2 6 1 452 771 739
640 2 2 6 1 644 681 374
641 2 2 6 1 346 880 710
642 2 2 6 1 429 646 356
643 2 2 6 1 379 607 274
644 2 2 6 1 426 527 277
645 2 2 6 1 278 528 425
646 2 2 6 1 285 649 398
647 2 2 6 1 513 761 360
648 2 2 6 1 214 802 598
649 2 2 6 1 243 511 446
650 2 2 6 1 377 824 326
651 2 2 6 1 325 823 378
652 2 2 6 1 372 882 522
653 2 2 6 1 256 651 318
654 2 2 6 1 444 704 108
655 2 2 6 1 400 640 580
656 2 2 6 1 432 885 243
657 2 2 6 1 574 679 169
658 2 2 6 1 261 617 529
659 2 2 6 1 530 618 262
660 2 2 6 1 434 578 365
661 2 2 6 1 263 512 456
662 2 2 6 1 447 550 194
663 2 2 6 1 266 533 442
664 2 2 6 1 193 551 448
665 2 2 6 1 324 628 509
666 2 2 6 1 434 877 357
667 2 2 6 1 408 667 33
668 2 2 6 1 624 761 218
669 2 2 6 1 420 738 251
670 2 2 6 1 617 877 529
671 2 2 6 1 530 878 618
672 2 2 6 1 445 770 486
673 2 2 6 1 586 647 85
674 2 2 6 1 393 694 220
675 2 2 6 1 539 720 299
676 2 2 6 1 841 930 384
677 2 2 6 1 373 742 643
678 2 2 6 1 574 605 293
679 2 2 6 1 532 535 275
680 2 2 6 1 219 744 392
681 2 2 6 1 267 571 439
682 2 2 6 1 474 821 554
683 2 2 6 1 594 638 348
684 2 2 6 1 356 878 429
685 2 2 6 1 846 918 46
686 2 2 6 1 99 917 847
687 2 2 6 1 390 900 726
688 2 2 6 1 725 899 389
689 2 2 6 1 256 703 440
690 2 2 6 1 41 641 581
691 2 2 6 1 450 570 270
692 2 2 6 1 145 528 146
693 2 2 6 1 165 527 166
694 2 2 6 1 35 836 499
695 2 2 6 1 432 770 302
696 2 2 6 1 178 887 488
697 2 2 6 1 454 874 82
698 2 2 6 1 129 921 513
699 2 2 6 1 515 921 128
700 2 2 6 1 622 732 220
701 2 2 6 1 259 584 409
702 2 2 6 1 438 711 231
703 2 2 6 1 216 859 429
704 2 2 6 1 260 893 516
705 2 2 6 1 451 873 26
706 2 2 6 1 119 872 449
707 2 2 6 1 341 802 515
708 2 2 6 1 643 742 291
709 2 2 6 1 292 681 644
710 2 2 6 1 231 728 438
711 2 2 6 1 120 756 121
712 2 2 6 1 492 731 211
713 2 2 6 1 431 702 255
714 2 2 6 1 441 660 257
715 2 2 6 1 513 769 130
716 2 2 6 1 439 571 268
717 2 2 6 1 462 503 249
718 2 2 6 1 195 673 553
719 2 2 6 1 400 580 236
720 2 2 6 1 436 855 559
721 2 2 6 1 440 703 209
722 2 2 6 1 269 570 450
723 2 2 6 1 387 829 510
724 2 2 6 1 260 743 556
725 2 2 6 1 33 851 408
726 2 2 6 1 349 593 452
727 2 2 6 1 225 773 562
728 2 2 6 1 563 772 226
729 2 2 6 1 299 720 697
730 2 2 6 1 232 633 441
731 2 2 6 1 747 845 353
732 2 2 6 1 35 499 34
733 2 2 6 1 325 803 282
734 2 2 6 1 283 804 326
735 2 2 6 1 273 638 594
736 2 2 6 1 465 715 189
737 2 2 6 1 202 770 432
738 2 2 6 1 223 895 452
739 2 2 6 1 208 702 431
740 2 2 6 1 488 887 397
741 2 2 6 1 506 916 374
742 2 2 6 1 55 672 54
743 2 2 6 1 345 632 429
744 2 2 6 1 522 739 372
745 2 2 6 1 95 541 94
746 2 2 6 1 438 867 297
747 2 2 6 1 486 693 238
748 2 2 6 1 630 908 435
749 2 2 6 1 249 576 433
750 2 2 6 1 452 895 349
751 2 2 6 1 455 542 5
752 2 2 6 1 538 619 267
753 2 2 6 1 342 844 635
754 2 2 6 1 499 836 353
755 2 2 6 1 420 834 817
756 2 2 6 1 355 908 630
757 2 2 6 1 174 778 419
758 2 2 6 1 369 891 472
759 2 2 6 1 471 890 370
760 2 2 6 1 474 512 244
761 2 2 6 1 313 801 430
762 2 2 6 1 515 781 341
763 2 2 6 1 437 868 144
764 2 2 6 1 167 867 438
765 2 2 6 1 185 819 433
766 2 2 6 1 701 730 350
767 2 2 6 1 726 786 421
768 2 2 6 1 422 787 725
769 2 2 6 1 428 610 16
770 2 2 6 1 17 609 428
771 2 2 6 1 490 774 319
772 2 2 6 1 632 737 295
773 2 2 6 1 251 827 457
774 2 2 6 1 4 872 119
775 2 2 6 1 26 873 1
776 2 2 6 1 82 874 3
777 2 2 6 1 188 699 412
778 2 2 6 1 411 707 187
779 2 2 6 1 439 589 10
780 2 2 6 1 298 724 425
781 2 2 6 1 538 865 619
782 2 2 6 1 409 713 259
783 2 2 6 1 226 690 402
784 2 2 6 1 403 691 225
785 2 2 6 1 250 792 418
786 2 2 6 1 429 859 345
787 2 2 6 1 186 835 417
788 2 2 6 1 660 689 257
789 2 2 6 1 23 590 450
790 2 2 6 1 817 834 343
791 2 2 6 1 183 670 443
792 2 2 6 1 345 737 632
793 2 2 6 1 426 756 297
794 2 2 6 1 37 692 453
795 2 2 6 1 581 641 401
796 2 2 6 1 270 727 480
797 2 2 6 1 429 632 180
798 2 2 6 1 726 900 228
799 2 2 6 1 227 899 725
800 2 2 6 1 90 503 89
801 2 2 6 1 419 782 588
802 2 2 6 1 466 645 284
803 2 2 6 1 398 784 285
804 2 2 6 1 464 730 205
805 2 2 6 1 112 743 706
806 2 2 6 1 198 709 561
807 2 2 6 1 106 493 105
808 2 2 6 1 459 820 386
809 2 2 6 1 548 779 154
810 2 2 6 1 157 780 549
811 2 2 6 1 40 494 39
812 2 2 6 1 481 891 369
813 2 2 6 1 370 890 480
814 2 2 6 1 290 828 672
815 2 2 6 1 555 819 332
816 2 2 6 1 252 876 469
817 2 2 6 1 523 806 427
818 2 2 6 1 92 738 420
819 2 2 6 1 319 920 435
820 2 2 6 1 143 604 437
821 2 2 6 1 438 605 168
822 2 2 6 1 374 952 506
823 2 2 6 1 460 603 264
824 2 2 6 1 212 764 567
825 2 2 6 1 595 752 189
826 2 2 6 1 244 905 474
827 2 2 6 1 124 601 467
828 2 2 6 1 272 704 444
829 2 2 6 1 416 894 473
830 2 2 6 1 204 645 466
831 2 2 6 1 493 580 105
832 2 2 6 1 491 650 254
833 2 2 6 1 312 675 665
834 2 2 6 1 294 760 647
835 2 2 6 1 459 575 186
836 2 2 6 1 608 880 346
837 2 2 6 1 225 811 403
838 2 2 6 1 402 812 226
839 2 2 6 1 295 561 560
840 2 2 6 1 662 825 194
841 2 2 6 1 193 826 661
842 2 2 6 1 601 811 288
843 2 2 6 1 289 812 602
844 2 2 6 1 490 533 242
845 2 2 6 1 47 846 46
846 2 2 6 1 99 847 98
847 2 2 6 1 501 697 376
848 2 2 6 1 280 797 433
849 2 2 6 1 475 876 252
850 2 2 6 1 418 883 546
851 2 2 6 1 179 578 434
852 2 2 6 1 553 660 195
853 2 2 6 1 621 807 324
854 2 2 6 1 528 613 425
855 2 2 6 1 426 614 527
856 2 2 6 1 435 920 630
857 2 2 6 1 261 610 428
858 2 2 6 1 428 609 262
859 2 2 6 1 443 670 284
860 2 2 6 1 474 905 380
861 2 2 6 1 305 554 516
862 2 2 6 1 11 623 439
863 2 2 6 1 293 636 574
864 2 2 6 1 367 902 547
865 2 2 6 1 566 713 52
866 2 2 6 1 255 648 431
867 2 2 6 1 471 530 262
868 2 2 6 1 261 529 472
869 2 2 6 1 52 713 51
870 2 2 6 1 444 815 351
871 2 2 6 1 672 828 399
872 2 2 6 1 841 907 221
873 2 2 6 1 450 629 22
874 2 2 6 1 574 636 331
875 2 2 6 1 804 861 44
876 2 2 6 1 101 862 803
877 2 2 6 1 562 773 414
878 2 2 6 1 415 772 563
879 2 2 6 1 194 922 447
880 2 2 6 1 448 923 193
881 2 2 6 1 339 709 666
882 2 2 6 1 149 927 582
883 2 2 6 1 583 926 162
884 2 2 6 1 630 920 224
885 2 2 6 1 665 675 382
886 2 2 6 1 41 581 40
887 2 2 6 1 578 717 365
888 2 2 6 1 284 958 466
889 2 2 6 1 440 892 256
890 2 2 6 1 116 501 115
891 2 2 6 1 196 635 489
892 2 2 6 1 494 581 237
893 2 2 6 1 179 882 766
894 2 2 6 1 549 798 158
895 2 2 6 1 153 799 548
896 2 2 6 1 5 914 455
897 2 2 6 1 456 925 263
898 2 2 6 1 382 805 800
899 2 2 6 1 9 589 449
900 2 2 6 1 451 590 24
901 2 2 6 1 294 686 552
902 2 2 6 1 625 909 363
903 2 2 6 1 351 765 444
904 2 2 6 1 323 814 620
905 2 2 6 1 685 885 371
906 2 2 6 1 353 836 453
907 2 2 6 1 433 797 249
908 2 2 6 1 521 727 270
909 2 2 6 1 706 743 380
910 2 2 6 1 231 711 455
911 2 2 6 1 541 810 94
912 2 2 6 1 471 609 18
913 2 2 6 1 15 610 472
914 2 2 6 1 560 561 275
915 2 2 6 1 231 754 437
916 2 2 6 1 461 602 133
917 2 2 6 1 739 771 305
918 2 2 6 1 46 918 45
919 2 2 6 1 100 917 99
920 2 2 6 1 77 510 76
921 2 2 6 1 526 912 834
922 2 2 6 1 743 821 380
923 2 2 6 1 608 788 180
924 2 2 6 1 518 657 333
925 2 2 6 1 334 658 519
926 2 2 6 1 129 513 130
927 2 2 6 1 209 942 440
928 2 2 6 1 127 515 128
929 2 2 6 1 451 537 269
930 2 2 6 1 221 907 504
931 2 2 6 1 505 960 915
932 2 2 6 1 579 885 432
933 2 2 6 1 284 645 443
934 2 2 6 1 547 902 233
935 2 2 6 1 467 858 124
936 2 2 6 1 445 777 302
937 2 2 6 1 294 647 586
938 2 2 6 1 109 815 444
939 2 2 6 1 458 687 263
940 2 2 6 1 40 581 494
941 2 2 6 1 170 505 171
942 2 2 6 1 140 506 141
943 2 2 6 1 320 746 540
944 2 2 6 1 458 925 239
945 2 2 6 1 60 491 59
946 2 2 6 1 453 692 271
947 2 2 6 1 647 760 337
948 2 2 6 1 195 660 441
949 2 2 6 1 487 673 265
950 2 2 6 1 268 544 449
951 2 2 6 1 239 925 593
952 2 2 6 1 486 957 693
953 2 2 6 1 469 876 57
954 2 2 6 1 56 876 475
955 2 2 6 1 303 622 463
956 2 2 6 1 32 502 31
957 2 2 6 1 313 673 487
958 2 2 6 1 528 721 146
959 2 2 6 1 165 722 527
960 2 2 6 1 205 965 464
961 2 2 6 1 831 846 47
962 2 2 6 1 117 659 116
963 2 2 6 1 659 750 299
964 2 2 6 1 697 893 376
965 2 2 6 1 359 752 595
966 2 2 6 1 481 538 267
967 2 2 6 1 85 647 84
968 2 2 6 1 481 623 12
969 2 2 6 1 482 612 247
970 2 2 6 1 427 858 467
971 2 2 6 1 470 557 254
972 2 2 6 1 195 633 569
973 2 2 6 1 21 629 480
974 2 2 6 1 453 836 36
975 2 2 6 1 593 925 456
976 2 2 6 1 307 696 565
977 2 2 6 1 459 945 233
978 2 2 6 1 140 916 506
979 2 2 6 1 505 915 171
980 2 2 6 1 199 832 596
981 2 2 6 1 127 781 515
982 2 2 6 1 434 642 179
983 2 2 6 1 338 660 553
984 2 2 6 1 526 834 204
985 2 2 6 1 489 849 348
986 2 2 6 1 38 692 37
987 2 2 6 1 301 886 470
988 2 2 6 1 515 802 276
989 2 2 6 1 30 535 29
990 2 2 6 1 308 717 578
991 2 2 6 1 245 854 506
992 2 2 6 1 45 804 44
993 2 2 6 1 101 803 100
994 2 2 6 1 582 824 150
995 2 2 6 1 161 823 583
996 2 2 6 1 540 606 265
997 2 2 6 1 671 686 294
998 2 2 6 1 166 614 167
999 2 2 6 1 144 613 145
1000 2 2 6 1 242 774 490
1001 2 2 6 1 180 646 429
1002 2 2 6 1 453 747 353
1003 2 2 6 1 568 692 38
1004 2 2 6 1 153 548 154
1005 2 2 6 1 157 549 158
1006 2 2 6 1 182 818 688
1007 2 2 6 1 498 958 284
1008 2 2 6 1 478 689 176
1009 2 2 6 1 263 925 458
1010 2 2 6 1 663 784 398
1011 2 2 6 1 271 751 476
1012 2 2 6 1 319 775 625
1013 2 2 6 1 190 603 460
1014 2 2 6 1 29 532 28
1015 2 2 6 1 344 750 659
1016 2 2 6 1 656 778 300
1017 2 2 6 1 248 849 489
1018 2 2 6 1 439 623 267
1019 2 2 6 1 268 589 439
1020 2 2 6 1 430 763 181
1021 2 2 6 1 86 586 85
1022 2 2 6 1 473 894 70
1023 2 2 6 1 469 793 315
1024 2 2 6 1 133 881 461
1025 2 2 6 1 477 757 272
1026 2 2 6 1 450 590 269
1027 2 2 6 1 270 629 450
1028 2 2 6 1 454 564 273
1029 2 2 6 1 419 778 656
1030 2 2 6 1 280 652 462
1031 2 2 6 1 2 852 63
1032 2 2 6 1 333 929 796
1033 2 2 6 1 795 928 334
1034 2 2 6 1 446 684 304
1035 2 2 6 1 342 763 504
1036 2 2 6 1 187 784 663
1037 2 2 6 1 550 943 230
1038 2 2 6 1 229 944 551
1039 2 2 6 1 304 759 446
1040 2 2 6 1 537 666 269
1041 2 2 6 1 463 741 303
1042 2 2 6 1 274 761 513
1043 2 2 6 1 467 601 288
1044 2 2 6 1 338 689 660
1045 2 2 6 1 307 723 696
1046 2 2 6 1 298 754 455
1047 2 2 6 1 455 754 231
1048 2 2 6 1 108 704 107
1049 2 2 6 1 866 909 413
1050 2 2 6 1 68 546 67
1051 2 2 6 1 607 832 199
1052 2 2 6 1 48 831 47
1053 2 2 6 1 61 840 650
1054 2 2 6 1 555 708 207
1055 2 2 6 1 780 954 549
1056 2 2 6 1 548 953 779
1057 2 2 6 1 506 870 141
1058 2 2 6 1 687 730 263
1059 2 2 6 1 70 746 473
1060 2 2 6 1 695 737 345
1061 2 2 6 1 83 913 564
1062 2 2 6 1 516 554 260
1063 2 2 6 1 332 708 555
1064 2 2 6 1 238 734 445
1065 2 2 6 1 107 704 572
1066 2 2 6 1 262 609 471
1067 2 2 6 1 472 610 261
1068 2 2 6 1 567 745 212
1069 2 2 6 1 466 931 919
1070 2 2 6 1 191 771 452
1071 2 2 6 1 462 652 88
1072 2 2 6 1 203 654 468
1073 2 2 6 1 268 698 544
1074 2 2 6 1 547 945 386
1075 2 2 6 1 465 752 517
1076 2 2 6 1 650 840 386
1077 2 2 6 1 91 817 90
1078 2 2 6 1 405 762 716
1079 2 2 6 1 177 687 458
1080 2 2 6 1 5 542 120
1081 2 2 6 1 790 927 148
1082 2 2 6 1 163 926 789
1083 2 2 6 1 58 793 469
1084 2 2 6 1 531 952 681
1085 2 2 6 1 355 745 567
1086 2 2 6 1 502 667 264
1087 2 2 6 1 468 654 266
1088 2 2 6 1 290 860 475
1089 2 2 6 1 817 941 90
1090 2 2 6 1 251 738 514
1091 2 2 6 1 90 941 503
1092 2 2 6 1 577 835 250
1093 2 2 6 1 57 876 56
1094 2 2 6 1 280 853 652
1095 2 2 6 1 386 945 459
1096 2 2 6 1 567 603 355
1097 2 2 6 1 604 636 293
1098 2 2 6 1 485 600 210
1099 2 2 6 1 243 755 511
1100 2 2 6 1 250 835 575
1101 2 2 6 1 235 931 466
1102 2 2 6 1 281 612 482
1103 2 2 6 1 377 918 846
1104 2 2 6 1 847 917 378
1105 2 2 6 1 93 810 514
1106 2 2 6 1 400 825 640
1107 2 2 6 1 641 826 401
1108 2 2 6 1 431 648 49
1109 2 2 6 1 640 825 328
1110 2 2 6 1 327 826 641
1111 2 2 6 1 289 602 461
1112 2 2 6 1 466 958 235
1113 2 2 6 1 269 590 451
1114 2 2 6 1 449 589 268
1115 2 2 6 1 346 788 608
1116 2 2 6 1 315 793 491
1117 2 2 6 1 424 929 240
1118 2 2 6 1 241 928 423
1119 2 2 6 1 236 580 493
1120 2 2 6 1 263 730 464
1121 2 2 6 1 114 556 113
1122 2 2 6 1 438 728 605
1123 2 2 6 1 611 683 203
1124 2 2 6 1 544 889 118
1125 2 2 6 1 353 845 499
1126 2 2 6 1 558 645 204
1127 2 2 6 1 506 952 245
1128 2 2 6 1 265 673 569
1129 2 2 6 1 546 940 416
1130 2 2 6 1 716 762 188
1131 2 2 6 1 382 800 665
1132 2 2 6 1 348 638 489
1133 2 2 6 1 199 719 607
1134 2 2 6 1 421 677 43
1135 2 2 6 1 102 676 422
1136 2 2 6 1 499 845 246
1137 2 2 6 1 371 885 579
1138 2 2 6 1 354 576 526
1139 2 2 6 1 511 755 332
1140 2 2 6 1 16 610 15
1141 2 2 6 1 18 609 17
1142 2 2 6 1 560 682 212
1143 2 2 6 1 149 582 150
1144 2 2 6 1 161 583 162
1145 2 2 6 1 249 797 462
1146 2 2 6 1 290 906 465
1147 2 2 6 1 466 919 204
1148 2 2 6 1 205 701 615
1149 2 2 6 1 531 681 200
1150 2 2 6 1 521 695 345
1151 2 2 6 1 349 794 593
1152 2 2 6 1 618 878 356
1153 2 2 6 1 357 877 617
1154 2 2 6 1 189 752 465
1155 2 2 6 1 94 810 93
1156 2 2 6 1 748 768 381
1157 2 2 6 1 514 738 93
1158 2 2 6 1 776 898 310
1159 2 2 6 1 252 715 465
1160 2 2 6 1 461 881 436
1161 2 2 6 1 449 872 8
1162 2 2 6 1 25 873 451
1163 2 2 6 1 27 933 537
1164 2 2 6 1 526 576 249
1165 2 2 6 1 919 931 354
1166 2 2 6 1 266 809 488
1167 2 2 6 1 454 791 80
1168 2 2 6 1 763 946 504
1169 2 2 6 1 552 635 196
1170 2 2 6 1 447 943 550
1171 2 2 6 1 551 944 448
1172 2 2 6 1 599 608 180
1173 2 2 6 1 12 623 11
1174 2 2 6 1 491 793 59
1175 2 2 6 1 558 834 420
1176 2 2 6 1 495 871 351
1177 2 2 6 1 462 797 280
1178 2 2 6 1 22 629 21
1179 2 2 6 1 476 611 271
1180 2 2 6 1 518 643 291
1181 2 2 6 1 292 644 519
1182 2 2 6 1 465 906 252
1183 2 2 6 1 618 735 192
1184 2 2 6 1 192 736 617
1185 2 2 6 1 385 947 502
1186 2 2 6 1 365 717 619
1187 2 2 6 1 556 934 376
1188 2 2 6 1 267 623 481
1189 2 2 6 1 244 871 495
1190 2 2 6 1 480 629 270
1191 2 2 6 1 230 943 534
1192 2 2 6 1 272 615 477
1193 2 2 6 1 211 628 492
1194 2 2 6 1 470 886 557
1195 2 2 6 1 61 650 60
1196 2 2 6 1 10 589 9
1197 2 2 6 1 24 590 23
1198 2 2 6 1 334 928 509
1199 2 2 6 1 508 929 333
1200 2 2 6 1 202 957 486
1201 2 2 6 1 386 840 547
1202 2 2 6 1 710 880 224
1203 2 2 6 1 476 762 279
1204 2 2 6 1 93 738 92
1205 2 2 6 1 258 716 543
1206 2 2 6 1 619 717 197
1207 2 2 6 1 318 847 378
1208 2 2 6 1 377 846 317
1209 2 2 6 1 560 653 295
1210 2 2 6 1 257 689 478
1211 2 2 6 1 77 669 510
1212 2 2 6 1 81 874 454
1213 2 2 6 1 312 869 753
1214 2 2 6 1 96 892 440
1215 2 2 6 1 520 618 192
1216 2 2 6 1 192 617 520
1217 2 2 6 1 502 947 31
1218 2 2 6 1 298 868 754
1219 2 2 6 1 188 762 476
1220 2 2 6 1 285 784 477
1221 2 2 6 1 286 600 485
1222 2 2 6 1 635 700 342
1223 2 2 6 1 310 635 552
1224 2 2 6 1 33 667 32
1225 2 2 6 1 64 852 2
1226 2 2 6 1 276 597 596
1227 2 2 6 1 349 895 592
1228 2 2 6 1 792 902 418
1229 2 2 6 1 587 674 311
1230 2 2 6 1 800 805 316
1231 2 2 6 1 612 678 359
1232 2 2 6 1 477 784 187
1233 2 2 6 1 543 944 229
1234 2 2 6 1 255 831 648
1235 2 2 6 1 265 930 487
1236 2 2 6 1 625 710 224
1237 2 2 6 1 339 666 537
1238 2 2 6 1 220 694 482
1239 2 2 6 1 482 694 281
1240 2 2 6 1 262 618 520
1241 2 2 6 1 520 617 261
1242 2 2 6 1 363 710 625
1243 2 2 6 1 492 628 287
1244 2 2 6 1 670 814 392
1245 2 2 6 1 518 796 173
1246 2 2 6 1 138 795 519
1247 2 2 6 1 378 917 325
1248 2 2 6 1 326 918 377
1249 2 2 6 1 338 932 479
1250 2 2 6 1 616 869 312
1251 2 2 6 1 176 674 478
1252 2 2 6 1 376 934 501
1253 2 2 6 1 70 894 69
1254 2 2 6 1 544 698 344
1255 2 2 6 1 510 829 76
1256 2 2 6 1 541 942 309
1257 2 2 6 1 123 601 124
1258 2 2 6 1 133 602 134
1259 2 2 6 1 314 608 599
1260 2 2 6 1 302 777 479
1261 2 2 6 1 216 727 521
1262 2 2 6 1 393 807 668
1263 2 2 6 1 54 680 53
1264 2 2 6 1 915 960 373
1265 2 2 6 1 152 948 799
1266 2 2 6 1 798 949 159
1267 2 2 6 1 455 711 542
1268 2 2 6 1 252 906 475
1269 2 2 6 1 473 746 320
1270 2 2 6 1 363 909 866
1271 2 2 6 1 270 695 521
1272 2 2 6 1 292 731 591
1273 2 2 6 1 145 613 528
1274 2 2 6 1 527 614 166
1275 2 2 6 1 479 932 234
1276 2 2 6 1 476 751 188
1277 2 2 6 1 332 819 511
1278 2 2 6 1 464 871 244
1279 2 2 6 1 824 948 151
1280 2 2 6 1 160 949 823
1281 2 2 6 1 617 736 357
1282 2 2 6 1 356 735 618
1283 2 2 6 1 187 757 477
1284 2 2 6 1 238 935 484
1285 2 2 6 1 475 906 290
1286 2 2 6 1 295 653 599
1287 2 2 6 1 501 934 115
1288 2 2 6 1 104 640 103
1289 2 2 6 1 42 641 41
1290 2 2 6 1 493 897 358
1291 2 2 6 1 457 827 309
1292 2 2 6 1 715 875 366
1293 2 2 6 1 614 867 167
1294 2 2 6 1 144 868 613
1295 2 2 6 1 550 963 194
1296 2 2 6 1 193 964 551
1297 2 2 6 1 113 743 112
1298 2 2 6 1 681 952 374
1299 2 2 6 1 536 684 185
1300 2 2 6 1 754 868 437
1301 2 2 6 1 489 638 196
1302 2 2 6 1 511 819 185
1303 2 2 6 1 183 814 670
1304 2 2 6 1 300 778 483
1305 2 2 6 1 80 791 79
1306 2 2 6 1 246 845 468
1307 2 2 6 1 352 884 494
1308 2 2 6 1 60 650 491
1309 2 2 6 1 668 807 184
1310 2 2 6 1 480 727 370
1311 2 2 6 1 273 791 454
1312 2 2 6 1 350 730 687
1313 2 2 6 1 247 961 483
1314 2 2 6 1 305 771 554
1315 2 2 6 1 523 781 126
1316 2 2 6 1 313 837 553
1317 2 2 6 1 304 684 536
1318 2 2 6 1 483 848 300
1319 2 2 6 1 534 943 411
1320 2 2 6 1 199 800 719
1321 2 2 6 1 596 631 199
1322 2 2 6 1 834 912 343
1323 2 2 6 1 309 942 655
1324 2 2 6 1 555 888 280
1325 2 2 6 1 837 932 553
1326 2 2 6 1 310 700 635
1327 2 2 6 1 380 821 474
1328 2 2 6 1 593 794 239
1329 2 2 6 1 498 744 219
1330 2 2 6 1 43 677 42
1331 2 2 6 1 103 676 102
1332 2 2 6 1 293 728 604
1333 2 2 6 1 114 934 556
1334 2 2 6 1 339 933 532
1335 2 2 6 1 320 904 473
1336 2 2 6 1 573 748 381
1337 2 2 6 1 603 908 355
1338 2 2 6 1 124 858 125
1339 2 2 6 1 554 821 260
1340 2 2 6 1 299 697 501
1341 2 2 6 1 135 626 136
1342 2 2 6 1 121 627 122
1343 2 2 6 1 267 619 571
1344 2 2 6 1 479 962 338
1345 2 2 6 1 619 865 365
1346 2 2 6 1 198 737 695
1347 2 2 6 1 32 667 502
1348 2 2 6 1 213 705 516
1349 2 2 6 1 366 838 484
1350 2 2 6 1 497 808 287
1351 2 2 6 1 264 603 567
1352 2 2 6 1 286 818 496
1353 2 2 6 1 87 853 86
1354 2 2 6 1 189 955 595
1355 2 2 6 1 413 909 592
1356 2 2 6 1 615 765 205
1357 2 2 6 1 68 940 546
1358 2 2 6 1 71 746 70
1359 2 2 6 1 483 778 174
1360 2 2 6 1 519 658 292
1361 2 2 6 1 291 657 518
1362 2 2 6 1 658 731 292
1363 2 2 6 1 516 705 305
1364 2 2 6 1 412 944 543
1365 2 2 6 1 240 929 508
1366 2 2 6 1 509 928 241
1367 2 2 6 1 484 955 189
1368 2 2 6 1 599 632 295
1369 2 2 6 1 734 838 311
1370 2 2 6 1 564 913 337
1371 2 2 6 1 475 860 56
1372 2 2 6 1 733 741 219
1373 2 2 6 1 79 791 594
1374 2 2 6 1 570 695 270
1375 2 2 6 1 485 818 286
1376 2 2 6 1 296 631 596
1377 2 2 6 1 316 939 585
1378 2 2 6 1 170 679 505
1379 2 2 6 1 254 839 491
1380 2 2 6 1 564 749 273
1381 2 2 6 1 473 904 232
1382 2 2 6 1 546 883 67
1383 2 2 6 1 254 820 470
1384 2 2 6 1 678 967 359
1385 2 2 6 1 309 810 541
1386 2 2 6 1 49 648 48
1387 2 2 6 1 596 597 296
1388 2 2 6 1 576 966 185
1389 2 2 6 1 569 633 320
1390 2 2 6 1 66 634 65
1391 2 2 6 1 310 898 700
1392 2 2 6 1 314 745 630
1393 2 2 6 1 552 760 294
1394 2 2 6 1 668 694 393
1395 2 2 6 1 182 808 497
1396 2 2 6 1 534 663 253
1397 2 2 6 1 218 761 585
1398 2 2 6 1 586 671 294
1399 2 2 6 1 347 863 522
1400 2 2 6 1 496 818 182
1401 2 2 6 1 575 792 250
1402 2 2 6 1 535 947 385
1403 2 2 6 1 616 631 296
1404 2 2 6 1 233 945 547
1405 2 2 6 1 213 850 705
1406 2 2 6 1 344 889 544
1407 2 2 6 1 486 770 202
1408 2 2 6 1 517 828 290
1409 2 2 6 1 672 860 290
1410 2 2 6 1 488 809 178
1411 2 2 6 1 264 764 502
1412 2 2 6 1 111 706 495
1413 2 2 6 1 566 748 259
1414 2 2 6 1 287 732 497
1415 2 2 6 1 496 733 286
1416 2 2 6 1 527 722 277
1417 2 2 6 1 278 721 528
1418 2 2 6 1 284 744 498
1419 2 2 6 1 88 652 87
1420 2 2 6 1 259 713 566
1421 2 2 6 1 212 653 560
1422 2 2 6 1 287 808 492
1423 2 2 6 1 597 802 214
1424 2 2 6 1 97 892 96
1425 2 2 6 1 185 684 511
1426 2 2 6 1 132 881 133
1427 2 2 6 1 511 684 446
1428 2 2 6 1 281 694 668
1429 2 2 6 1 343 912 503
1430 2 2 6 1 491 839 315
1431 2 2 6 1 333 796 518
1432 2 2 6 1 519 795 334
1433 2 2 6 1 537 933 339
1434 2 2 6 1 649 830 214
1435 2 2 6 1 75 664 74
1436 2 2 6 1 288 963 550
1437 2 2 6 1 551 964 289
1438 2 2 6 1 503 912 249
1439 2 2 6 1 30 947 535
1440 2 2 6 1 592 822 349
1441 2 2 6 1 203 747 611
1442 2 2 6 1 233 902 792
1443 2 2 6 1 321 748 566
1444 2 2 6 1 630 745 355
1445 2 2 6 1 126 781 127
1446 2 2 6 1 535 682 275
1447 2 2 6 1 591 681 292
1448 2 2 6 1 321 768 748
1449 2 2 6 1 306 857 785
1450 2 2 6 1 180 632 599
1451 2 2 6 1 507 816 201
1452 2 2 6 1 78 669 77
1453 2 2 6 1 394 671 586
1454 2 2 6 1 358 897 572
1455 2 2 6 1 689 962 176
1456 2 2 6 1 248 844 504
1457 2 2 6 1 221 801 487
1458 2 2 6 1 571 619 197
1459 2 2 6 1 532 933 28
1460 2 2 6 1 522 863 223
1461 2 2 6 1 661 951 415
1462 2 2 6 1 414 950 662
1463 2 2 6 1 256 892 651
1464 2 2 6 1 299 750 539
1465 2 2 6 1 126 806 523
1466 2 2 6 1 536 782 304
1467 2 2 6 1 489 844 248
1468 2 2 6 1 559 855 131
1469 2 2 6 1 502 764 385
1470 2 2 6 1 656 957 202
1471 2 2 6 1 269 666 570
1472 2 2 6 1 367 903 634
1473 2 2 6 1 190 956 490
1474 2 2 6 1 568 884 352
1475 2 2 6 1 504 907 248
1476 2 2 6 1 492 938 322
1477 2 2 6 1 654 683 375
1478 2 2 6 1 39 884 38
1479 2 2 6 1 107 897 106
1480 2 2 6 1 531 960 245
1481 2 2 6 1 295 737 561
1482 2 2 6 1 532 709 339
1483 2 2 6 1 562 963 288
1484 2 2 6 1 289 964 563
1485 2 2 6 1 312 631 616
1486 2 2 6 1 387 841 664
1487 2 2 6 1 200 712 639
1488 2 2 6 1 490 956 533
1489 2 2 6 1 385 682 535
1490 2 2 6 1 521 859 216
1491 2 2 6 1 197 717 539
1492 2 2 6 1 591 712 200
1493 2 2 6 1 562 811 225
1494 2 2 6 1 226 812 563
1495 2 2 6 1 440 942 541
1496 2 2 6 1 34 851 33
1497 2 2 6 1 487 801 313
1498 2 2 6 1 234 837 500
1499 2 2 6 1 552 686 310
1500 2 2 6 1 213 893 697
1501 2 2 6 1 315 816 507
1502 2 2 6 1 331 679 574
1503 2 2 6 1 232 904 633
1504 2 2 6 1 674 901 311
1505 2 2 6 1 495 905 244
1506 2 2 6 1 505 854 245
1507 2 2 6 1 228 951 661
1508 2 2 6 1 662 950 227
1509 2 2 6 1 517 752 359
1510 2 2 6 1 275 709 532
1511 2 2 6 1 112 706 111
1512 2 2 6 1 514 810 309
1513 2 2 6 1 309 827 514
1514 2 2 6 1 201 875 507
1515 2 2 6 1 291 742 639
1516 2 2 6 1 297 756 542
1517 2 2 6 1 373 960 531
1518 2 2 6 1 275 682 560
1519 2 2 6 1 539 717 308
1520 2 2 6 1 542 711 297
1521 2 2 6 1 176 962 777
1522 2 2 6 1 175 822 592
1523 2 2 6 1 531 742 373
1524 2 2 6 1 131 855 132
1525 2 2 6 1 308 720 539
1526 2 2 6 1 570 666 198
1527 2 2 6 1 777 962 479
1528 2 2 6 1 396 830 649
1529 2 2 6 1 696 857 306
1530 2 2 6 1 204 919 526
1531 2 2 6 1 337 749 564
1532 2 2 6 1 141 870 142
1533 2 2 6 1 664 841 384
1534 2 2 6 1 317 846 831
1535 2 2 6 1 503 941 343
1536 2 2 6 1 223 739 522
1537 2 2 6 1 74 924 73
1538 2 2 6 1 599 653 314
1539 2 2 6 1 571 698 268
1540 2 2 6 1 565 735 307
1541 2 2 6 1 306 736 565
1542 2 2 6 1 131 769 559
1543 2 2 6 1 203 683 654
1544 2 2 6 1 200 742 531
1545 2 2 6 1 572 704 272
1546 2 2 6 1 631 665 199
1547 2 2 6 1 504 946 221
1548 2 2 6 1 202 759 656
1549 2 2 6 1 561 737 198
1550 2 2 6 1 569 673 195
1551 2 2 6 1 504 844 342
1552 2 2 6 1 38 884 568
1553 2 2 6 1 311 901 734
1554 2 2 6 1 539 750 197
1555 2 2 6 1 572 897 107
1556 2 2 6 1 197 698 571
1557 2 2 6 1 526 919 354
1558 2 2 6 1 565 696 306
1559 2 2 6 1 514 827 251
1560 2 2 6 1 392 744 670
1561 2 2 6 1 312 665 631
1562 2 2 6 1 271 692 568
1563 2 2 6 1 749 760 196
1564 2 2 6 1 387 907 841
1565 2 2 6 1 274 719 585
1566 2 2 6 1 639 712 340
1567 2 2 6 1 282 862 725
1568 2 2 6 1 726 861 283
1569 2 2 6 1 340 712 688
1570 2 2 6 1 651 892 97
1571 2 2 6 1 363 864 710
1572 2 2 6 1 200 681 591
1573 2 2 6 1 192 735 565
1574 2 2 6 1 565 736 192
1575 2 2 6 1 341 781 523
1576 2 2 6 1 499 851 34
1577 2 2 6 1 688 712 322
1578 2 2 6 1 639 758 291
1579 2 2 6 1 638 749 196
1580 2 2 6 1 217 828 517
1581 2 2 6 1 322 712 591
1582 2 2 6 1 642 785 179
1583 2 2 6 1 345 859 521
1584 2 2 6 1 196 760 552
1585 2 2 6 1 556 743 113
1586 2 2 6 1 53 896 52
1587 2 2 6 1 516 893 213
1588 2 2 6 1 591 731 322
1589 2 2 6 1 180 788 646
1590 2 2 6 1 567 764 264
1591 2 2 6 1 517 967 217
1592 2 2 6 1 363 866 864
1593 2 2 6 1 561 709 275
1594 2 2 6 1 75 829 664
1595 2 2 6 1 664 829 387
1596 2 2 6 1 542 756 120
1597 2 2 6 1 281 678 612
1598 2 2 6 1 359 967 517
1599 2 2 6 1 522 882 347
1600 2 2 6 1 245 960 505
1601 2 2 6 1 554 771 191
1602 2 2 6 1 596 832 276
1603 2 2 6 1 670 744 284
1604 2 2 6 1 218 939 637
1605 2 2 6 1 578 766 308
1606 2 2 6 1 291 758 657
1607 2 2 6 1 66 883 634
1608 2 2 6 1 190 908 603
1609 2 2 6 1 296 830 813
1610 2 2 6 1 594 791 273
1611 2 2 6 1 245 952 531
1612 2 2 6 1 198 695 570
1613 2 2 6 1 56 860 55
1614 2 2 6 1 595 955 368
1615 2 2 6 1 559 769 360
1616 2 2 6 1 364 898 776
1617 2 2 6 1 197 750 698
1618 2 2 6 1 73 924 606
1619 2 2 6 1 634 902 367
1620 2 2 6 1 697 720 213
1621 2 2 6 1 154 779 155
1622 2 2 6 1 156 780 157
1623 2 2 6 1 779 953 335
1624 2 2 6 1 336 954 780
1625 2 2 6 1 171 915 172
1626 2 2 6 1 139 916 140
1627 2 2 6 1 62 840 61
1628 2 2 6 1 52 896 566
1629 2 2 6 1 130 769 131
1630 2 2 6 1 59 793 58
1631 2 2 6 1 634 903 65
1632 2 2 6 1 163 789 164
1633 2 2 6 1 147 790 148
1634 2 2 6 1 494 884 39
1635 2 2 6 1 720 850 213
1636 2 2 6 1 207 686 671
1637 2 2 6 1 585 761 274
1638 2 2 6 1 536 931 782
1639 2 2 6 1 106 897 493
1640 2 2 6 1 207 776 686
1641 2 2 6 1 173 796 7
1642 2 2 6 1 6 795 138
1643 2 2 6 1 607 719 274
1644 2 2 6 1 158 798 159
1645 2 2 6 1 152 799 153
1646 2 2 6 1 311 729 587
1647 2 2 6 1 212 745 653
1648 2 2 6 1 384 930 606
1649 2 2 6 1 557 886 201
1650 2 2 6 1 110 815 109
1651 2 2 6 1 725 862 422
1652 2 2 6 1 421 861 726
1653 2 2 6 1 628 740 287
1654 2 2 6 1 259 748 573
1655 2 2 6 1 606 930 265
1656 2 2 6 1 234 932 837
1657 2 2 6 1 585 719 316
1658 2 2 6 1 417 835 577
1659 2 2 6 1 696 723 206
1660 2 2 6 1 753 783 222
1661 2 2 6 1 179 766 578
1662 2 2 6 1 288 811 562
1663 2 2 6 1 563 812 289
1664 2 2 6 1 587 729 201
1665 2 2 6 1 283 861 804
1666 2 2 6 1 803 862 282
1667 2 2 6 1 36 836 35
1668 2 2 6 1 605 728 293
1669 2 2 6 1 404 959 833
1670 2 2 6 1 597 830 296
1671 2 2 6 1 637 939 404
1672 2 2 6 1 125 806 126
1673 2 2 6 1 708 776 207
1674 2 2 6 1 557 839 254
1675 2 2 6 1 249 912 526
1676 2 2 6 1 118 889 117
1677 2 2 6 1 76 829 75
1678 2 2 6 1 204 834 558
1679 2 2 6 1 639 742 200
1680 2 2 6 1 142 870 636
1681 2 2 6 1 84 913 83
1682 2 2 6 1 566 896 321
1683 2 2 6 1 354 931 536
1684 2 2 6 1 160 823 161
1685 2 2 6 1 150 824 151
1686 2 2 6 1 28 933 27
1687 2 2 6 1 613 868 298
1688 2 2 6 1 297 867 614
1689 2 2 6 1 391 783 753
1690 2 2 6 1 536 966 354
1691 2 2 6 1 705 850 372
1692 2 2 6 1 653 745 314
1693 2 2 6 1 383 775 774
1694 2 2 6 1 286 718 600
1695 2 2 6 1 657 758 210
1696 2 2 6 1 671 888 207
1697 2 2 6 1 185 966 536
1698 2 2 6 1 240 910 524
1699 2 2 6 1 525 911 241
1700 2 2 6 1 201 816 557
1701 2 2 6 1 328 825 662
1702 2 2 6 1 661 826 327
1703 2 2 6 1 510 849 248
1704 2 2 6 1 584 936 208
1705 2 2 6 1 767 856 396
1706 2 2 6 1 276 802 597
1707 2 2 6 1 207 888 555
1708 2 2 6 1 115 934 114
1709 2 2 6 1 31 947 30
1710 2 2 6 1 137 914 5
1711 2 2 6 1 362 936 584
1712 2 2 6 1 529 877 215
1713 2 2 6 1 216 878 530
1714 2 2 6 1 634 883 418
1715 2 2 6 1 774 775 319
1716 2 2 6 1 201 886 587
1717 2 2 6 1 20 890 19
1718 2 2 6 1 14 891 13
1719 2 2 6 1 588 782 235
1720 2 2 6 1 700 763 342
1721 2 2 6 1 67 883 66
1722 2 2 6 1 215 865 538
1723 2 2 6 1 777 901 176
1724 2 2 6 1 394 888 671
1725 2 2 6 1 600 718 323
1726 2 2 6 1 125 858 806
1727 2 2 6 1 806 858 427
1728 2 2 6 1 698 750 344
1729 2 2 6 1 785 882 179
1730 2 2 6 1 575 835 186
1731 2 2 6 1 188 751 699
1732 2 2 6 1 273 749 638
1733 2 2 6 1 533 956 442
1734 2 2 6 1 128 921 129
1735 2 2 6 1 65 903 64
1736 2 2 6 1 404 833 637
1737 2 2 6 1 69 940 68
1738 2 2 6 1 279 833 683
1739 2 2 6 1 708 755 364
1740 2 2 6 1 162 926 163
1741 2 2 6 1 148 927 149
1742 2 2 6 1 707 757 187
1743 2 2 6 1 8 872 4
1744 2 2 6 1 1 873 25
1745 2 2 6 1 3 874 81
1746 2 2 6 1 350 856 767
1747 2 2 6 1 833 959 375
1748 2 2 6 1 547 840 62
1749 2 2 6 1 445 901 777
1750 2 2 6 1 181 763 700
1751 2 2 6 1 368 961 595
1752 2 2 6 1 324 740 628
1753 2 2 6 1 766 850 308
1754 2 2 6 1 782 931 235
1755 2 2 6 1 587 886 301
1756 2 2 6 1 669 849 510
1757 2 2 6 1 172 915 643
1758 2 2 6 1 644 916 139
1759 2 2 6 1 354 966 576
1760 2 2 6 1 813 830 396
1761 2 2 6 1 259 879 584
1762 2 2 6 1 595 961 247
1763 2 2 6 1 573 879 259
1764 2 2 6 1 418 902 634
1765 2 2 6 1 693 957 300
1766 2 2 6 1 296 813 616
1767 2 2 6 1 379 832 607
1768 2 2 6 1 661 786 228
1769 2 2 6 1 227 787 662
1770 2 2 6 1 683 833 375
1771 2 2 6 1 312 753 675
1772 2 2 6 1 648 831 48
1773 2 2 6 1 214 830 597
1774 2 2 6 1 211 731 658
1775 2 2 6 1 630 880 314
1776 2 2 6 1 314 880 608
1777 2 2 6 1 332 755 708
1778 2 2 6 1 151 948 152
1779 2 2 6 1 159 949 160
1780 2 2 6 1 701 767 285
1781 2 2 6 1 553 932 338
1782 2 2 6 1 208 936 525
1783 2 2 6 1 524 937 209
1784 2 2 6 1 306 785 642
1785 2 2 6 1 337 760 749
1786 2 2 6 1 340 758 639
1787 2 2 6 1 646 788 307
1788 2 2 6 1 616 813 177
1789 2 2 6 1 222 842 714
1790 2 2 6 1 677 786 327
1791 2 2 6 1 328 787 676
1792 2 2 6 1 625 920 319
1793 2 2 6 1 584 879 362
1794 2 2 6 1 327 786 661
1795 2 2 6 1 662 787 328
1796 2 2 6 1 801 946 430
1797 2 2 6 1 337 913 647
1798 2 2 6 1 676 787 422
1799 2 2 6 1 421 786 677
1800 2 2 6 1 649 767 396
1801 2 2 6 1 813 856 177
1802 2 2 6 1 350 767 701
1803 2 2 6 1 675 753 222
1804 2 2 6 1 753 869 391
1805 2 2 6 1 686 776 310
1806 2 2 6 1 679 854 505
1807 2 2 6 1 659 889 344
1808 2 2 6 1 699 751 352
1809 2 2 6 1 396 856 813
1810 2 2 6 1 55 860 672
1811 2 2 6 1 285 767 649
1812 2 2 6 1 714 842 383
1813 2 2 6 1 307 788 723
1814 2 2 6 1 358 757 707
1815 2 2 6 1 740 807 393
1816 2 2 6 1 430 946 763
1817 2 2 6 1 592 909 175
1818 2 2 6 1 620 910 240
1819 2 2 6 1 241 911 621
1820 2 2 6 1 665 800 199
1821 2 2 6 1 585 939 218
1822 2 2 6 1 221 946 801
1823 2 2 6 1 392 814 718
1824 2 2 6 1 364 776 708
1825 2 2 6 1 785 857 347
1826 2 2 6 1 224 880 630
1827 2 2 6 1 321 896 680
1828 2 2 6 1 177 869 616
1829 2 2 6 1 606 924 384
1830 2 2 6 1 664 924 74
1831 2 2 6 1 637 833 279
1832 2 2 6 1 723 788 346
1833 2 2 6 1 331 854 679
1834 2 2 6 1 633 904 320
1835 2 2 6 1 636 870 331
1836 2 2 6 1 329 950 773
1837 2 2 6 1 772 951 330
1838 2 2 6 1 652 853 87
1839 2 2 6 1 855 881 132
1840 2 2 6 1 647 913 84
1841 2 2 6 1 224 920 625
1842 2 2 6 1 209 937 655
1843 2 2 6 1 311 838 729
1844 2 2 6 1 655 937 361
1845 2 2 6 1 729 838 366
1846 2 2 6 1 117 889 659
1847 2 2 6 1 372 850 766
1848 2 2 6 1 724 914 137
1849 2 2 6 1 783 842 222
1850 2 2 6 1 374 916 644
1851 2 2 6 1 643 915 373
1852 2 2 6 1 361 910 620
1853 2 2 6 1 621 911 362
1854 2 2 6 1 384 924 664
1855 2 2 6 1 655 942 209
1856 2 2 6 1 324 807 740
1857 2 2 6 1 177 856 687
1858 2 2 6 1 718 814 323
1859 2 2 6 1 351 965 765
1860 2 2 6 1 693 848 368
1861 2 2 6 1 181 898 685
1862 2 2 6 1 338 962 689
1863 2 2 6 1 176 901 674
1864 2 2 6 1 300 848 693
1865 2 2 6 1 348 849 669
1866 2 2 6 1 710 864 346
1867 2 2 6 1 349 822 794
1868 2 2 6 1 719 800 316
1869 2 2 6 1 366 875 729
1870 2 2 6 1 308 850 720
1871 2 2 6 1 388 842 783
1872 2 2 6 1 346 864 723
1873 2 2 6 1 723 864 206
1874 2 2 6 1 706 905 495
1875 2 2 6 1 688 938 182
1876 2 2 6 1 549 954 256
1877 2 2 6 1 255 953 548
1878 2 2 6 1 899 950 329
1879 2 2 6 1 330 951 900
1880 2 2 6 1 816 839 557
1881 2 2 6 1 687 856 350
1882 2 2 6 1 729 875 201
1883 2 2 6 1 871 965 351
1884 2 2 6 1 206 857 696
1885 2 2 6 1 685 898 364
1886 2 2 6 1 300 957 656
1887 2 2 6 1 680 896 53
1888 2 2 6 1 483 961 848
1889 2 2 6 1 822 843 388
1890 2 2 6 1 383 843 775
1891 2 2 6 1 436 881 855
1892 2 2 6 1 794 822 388
1893 2 2 6 1 864 866 206
1894 2 2 6 1 700 898 181
1895 2 2 6 1 693 935 238
1896 2 2 6 1 335 953 702
1897 2 2 6 1 703 954 336
1898 2 2 6 1 380 905 706
1899 2 2 6 1 322 938 688
1900 2 2 6 1 842 843 383
1901 2 2 6 1 382 887 805
1902 2 2 6 1 368 935 693
1903 2 2 6 1 805 887 178
1904 2 2 6 1 347 882 785
1905 2 2 6 1 388 843 842
1906 2 2 6 1 734 901 445
1907 2 2 6 1 825 922 194
1908 2 2 6 1 193 923 826
1909 2 2 6 1 175 843 822
1910 2 2 6 1 217 967 678
1911 2 2 6 1 775 843 175
1912 2 2 6 1 182 938 808
1913 2 2 6 1 315 839 816
1914 2 2 6 1 64 903 852
1915 2 2 6 1 808 938 492
1916 2 2 6 1 343 941 817
1917 2 2 6 1 256 954 703
1918 2 2 6 1 702 953 255
1919 2 2 6 1 375 959 809
1920 2 2 6 1 400 922 825
1921 2 2 6 1 826 923 401
1922 2 2 6 1 765 965 205
1923 2 2 6 1 415 951 772
1924 2 2 6 1 773 950 414
1925 2 2 6 1 809 959 178
1926 2 2 6 1 935 955 484
1927 2 2 6 1 368 955 935
1928 2 2 6 1 464 965 871
1929 2 2 6 1 852 903 367
1930 2 2 6 1 848 961 368
1931 2 2 6 1 894 940 69
1932 2 2 6 1 525 936 911
1933 2 2 6 1 910 937 524
1934 2 2 6 1 416 940 894
1935 2 2 6 1 361 937 910
1936 2 2 6 1 911 936 362
1937 2 2 6 1 227 950 899
1938 2 2 6 1 900 951 228