967
1 0 0 0
2 20 0 0
3 20 7 0
4 0 7 0
5 9.268000000000001 3.5 0
6 11.866 2 0
7 11.866 5 0
8 0 6.631578947368421 0
9 0 6.263157894736842 0
10 0 5.894736842105264 0
11 0 5.526315789473684 0
12 0 5.157894736842105 0
13 0 4.789473684210527 0
14 0 4.421052631578947 0
15 0 4.052631578947368 0
16 0 3.68421052631579 0
17 0 3.315789473684211 0
18 0 2.947368421052632 0
19 0 2.578947368421053 0
20 0 2.210526315789474 0
21 0 1.842105263157895 0
22 0 1.473684210526316 0
23 0 1.105263157894737 0
24 0 0.7368421052631584 0
25 0 0.3684210526315796 0
26 0.5128205128205128 0 0
27 1.025641025641026 0 0
28 1.538461538461539 0 0
29 2.051282051282051 0 0
30 2.564102564102564 0 0
31 3.076923076923077 0 0
32 3.58974358974359 0 0
33 4.102564102564102 0 0
34 4.615384615384615 0 0
35 5.128205128205128 0 0
36 5.641025641025641 0 0
37 6.153846153846154 0 0
38 6.666666666666666 0 0
39 7.17948717948718 0 0
40 7.692307692307692 0 0
41 8.205128205128204 0 0
42 8.717948717948719 0 0
43 9.23076923076923 0 0
44 9.743589743589743 0 0
45 10.25641025641026 0 0
46 10.76923076923077 0 0
47 11.28205128205128 0 0
48 11.7948717948718 0 0
49 12.30769230769231 0 0
50 12.82051282051282 0 0
51 13.33333333333333 0 0
52 13.84615384615385 0 0
53 14.35897435897436 0 0
54 14.87179487179487 0 0
55 15.38461538461538 0 0
56 15.8974358974359 0 0
57 16.41025641025641 0 0
58 16.92307692307692 0 0
59 17.43589743589744 0 0
60 17.94871794871795 0 0
61 18.46153846153846 0 0
62 18.97435897435897 0 0
63 19.48717948717949 0 0
64 20 0.3684210526315789 0
65 20 0.7368421052631579 0
66 20 1.105263157894737 0
67 20 1.473684210526316 0
68 20 1.842105263157895 0
69 20 2.210526315789473 0
70 20 2.578947368421053 0
71 20 2.947368421052631 0
72 20 3.31578947368421 0
73 20 3.684210526315789 0
74 20 4.052631578947368 0
75 20 4.421052631578947 0
76 20 4.789473684210526 0
77 20 5.157894736842105 0
78 20 5.526315789473684 0
79 20 5.894736842105263 0
80 20 6.263157894736842 0
81 20 6.63157894736842 0
82 19.48717948717949 7 0
83 18.97435897435897 7 0
84 18.46153846153846 7 0
85 17.94871794871795 7 0
86 17.43589743589744 7 0
87 16.92307692307692 7 0
88 16.41025641025641 7 0
89 15.8974358974359 7 0
90 15.38461538461539 7 0
91 14.87179487179487 7 0
92 14.35897435897436 7 0
93 13.84615384615385 7 0
94 13.33333333333333 7 0
95 12.82051282051282 7 0
96 12.30769230769231 7 0
97 11.7948717948718 7 0
98 11.28205128205128 7 0
99 10.76923076923077 7 0
100 10.25641025641026 7 0
101 9.743589743589745 7 0
102 9.230769230769232 7 0
103 8.717948717948719 7 0
104 8.205128205128204 7 0
105 7.692307692307692 7 0
106 7.179487179487181 7 0
107 6.666666666666668 7 0
108 6.153846153846153 7 0
109 5.641025641025641 7 0
110 5.128205128205128 7 0
111 4.615384615384617 7 0
112 4.102564102564104 7 0
113 3.589743589743591 7 0
114 3.076923076923077 7 0
115 2.564102564102562 7 0
116 2.051282051282051 7 0
117 1.53846153846154 7 0
118 1.025641025641026 7 0
119 0.5128205128205146 7 0
120 9.213817241700635 3.824699469204684 0
121 9.057140509396394 4.114212712689668 0
122 8.814948158122426 4.337166478262529 0
123 8.513485487140798 4.469400265939331 0
124 8.185420654527665 4.49658449300667 0
125 7.866304575347028 4.415773326655057 0
126 7.590718428374258 4.23572391067313 0
127 7.388526248793511 3.975947393037072 0
128 7.281638696597278 3.664594590280732 0
129 7.281638696597279 3.335405409719264 0
130 7.388526248793513 3.024052606962925 0
131 7.590718428374261 2.764276089326867 0
132 7.866304575347034 2.584226673344942 0
133 8.18542065452767 2.50341550699333 0
134 8.513485487140802 2.53059973406067 0
135 8.814948158122428 2.662833521737472 0
136 9.057140509396394 2.885787287310333 0
137 9.213817241700635 3.175300530795317 0
138 11.81181724170063 2.324699469204684 0
139 11.65514050939639 2.614212712689668 0
140 11.41294815812243 2.837166478262529 0
141 11.1114854871408 2.969400265939331 0
142 10.78342065452766 2.99658449300667 0
143 10.46430457534703 2.915773326655057 0
144 10.18871842837426 2.73572391067313 0
145 9.98652624879351 2.475947393037072 0
146 9.879638696597278 2.164594590280732 0
147 9.879638696597278 1.835405409719264 0
148 9.986526248793512 1.524052606962925 0
149 10.18871842837426 1.264276089326867 0
150 10.46430457534703 1.084226673344942 0
151 10.78342065452767 1.00341550699333 0
152 11.1114854871408 1.03059973406067 0
153 11.41294815812243 1.162833521737472 0
154 11.65514050939639 1.385787287310333 0
155 11.81181724170063 1.675300530795317 0
156 11.81181724170063 5.324699469204684 0
157 11.65514050939639 5.614212712689668 0
158 11.41294815812243 5.837166478262529 0
159 11.1114854871408 5.969400265939331 0
160 10.78342065452766 5.99658449300667 0
161 10.46430457534703 5.915773326655057 0
162 10.18871842837426 5.73572391067313 0
163 9.98652624879351 5.475947393037072 0
164 9.879638696597278 5.164594590280732 0
165 9.879638696597278 4.835405409719264 0
166 9.986526248793512 4.524052606962925 0
167 10.18871842837426 4.264276089326867 0
168 10.46430457534703 4.084226673344942 0
169 10.78342065452767 4.003415506993329 0
170 11.1114854871408 4.030599734060671 0
171 11.41294815812243 4.162833521737472 0
172 11.65514050939639 4.385787287310333 0
173 11.81181724170063 4.675300530795317 0
174 15.13547948985605 3.545696801595745 0
175 3.78032062652717 3.499999999999988 0
176 17.50674480729858 2.763157894736842 0
177 5.47031772159028 4.46803371691066 0
178 5.484664484842654 2.527754214948915 0
179 1.985382751412539 4.58088690402004 0
180 2.031387699555066 2.397158844394908 0
181 18.11388381058038 4.587247057445491 0
182 13.30275596869827 3.476040791860827 0
183 13.5673209864502 5.330325231668476 0
184 13.59060036921918 1.678053343644156 0
185 16.20341412808661 5.107479201294815 0
186 18.51457492983457 1.639400844481841 0
187 6.927513059761365 5.568711936995655 0
188 6.927616711447423 1.420696199118341 0
189 15.94052329282674 1.827277778592454 0
190 4.046922902189067 1.723623009300282 0
191 3.983173792919265 5.186597465097051 0
192 1.308173872736996 3.499999999999998 0
193 8.454129951818116 1.253745532796025 0
194 8.454129951818105 5.746254467203974 0
195 18.74842472638312 3.103588910855923 0
196 18.73142661293494 5.719516886505385 0
197 1.308131830275066 5.728775347049789 0
198 1.334658297244633 1.244047546279701 0
199 6.22161894497712 3.484193495407606 0
200 12.22085701427856 3.505762551467076 0
201 17.19471911599026 1.465772892849655 0
202 16.49149068234699 3.713024632997147 0
203 5.526649844828508 1.265362989106221 0
204 14.94608459380831 5.596257798674219 0
205 5.559956901449675 5.710299590480445 0
206 2.468519889682707 3.450145332836453 0
207 17.4506017883049 5.720052140408759 0
208 12.6464100837997 1.036490245719193 0
209 12.63189558337607 5.96131945690833 0
210 12.77622280787358 4.322050782729157 0
211 12.78300425293737 2.670605236381958 0
212 2.768656662637826 1.167380527462452 0
213 2.561138631450358 5.717727450176054 0
214 6.531071285731935 4.579626025095369 0
215 1.015335705631294 4.605263157894736 0
216 1.008505004984592 2.386563578042013 0
217 14.78794400858727 1.262857489350322 0
218 6.570129844492582 2.408963379127912 0
219 14.22725602903992 4.266088675174251 0
220 14.21507268678131 2.761786508989957 0
221 19.02778303123029 4.234339896350908 0
222 4.899316900648267 3.520399455849589 0
223 3.155254944647043 4.400090096666554 0
224 3.146723922230119 2.582113516753061 0
225 9.029653984707306 5.127419020038874 0
226 9.029653984707309 1.87258097996113 0
227 9.277048641129344 5.986611815948578 0
228 9.277048641129353 1.01338818405143 0
229 7.823211249361815 1.821092247553898 0
230 7.8190507351222 5.178745105125132 0
231 9.99426999618311 3.490653705735256 0
232 19.16561610436756 2.394736842105263 0
233 19.06591958741989 0.9192050223730459 0
234 17.88629480854302 3.682793152221182 0
235 15.21594269583285 4.577022876415098 0
236 7.642756294271367 6.066878878103993 0
237 7.644659492025996 0.9254485935697918 0
238 16.48348854536371 2.693562892065654 0
239 4.512876069954967 4.388460616367722 0
240 12.65786675293763 5.16169218966831 0
241 12.65786675293763 1.83830781033169 0
242 4.656629103026463 2.581058874280048 0
243 17.07081687982618 4.548402653204167 0
244 4.672772582006411 5.954446332691121 0
245 11.5239610034945 3.499999999999999 0
246 4.661380817365378 1.023450871751499 0
247 15.10287792354109 2.554057868316837 0
248 19.19875389709014 4.98491821212234 0
249 15.8893865374454 6.007144050168782 0
250 19.24841161074242 1.643509495550731 0
251 14.09868059686812 6.073904834026907 0
252 16.29940374200643 0.8994637047423737 0
253 7.20559456457411 4.853530416820409 0
254 17.97943223653463 0.8824280899967736 0
255 11.98261554657576 0.7212531429823832 0
256 12.00114966552987 6.277242372382549 0
257 18.29288254587133 2.451023100081032 0
258 7.211646344875606 2.101567906539699 0
259 13.50697726980042 0.8634895833153 0
260 3.310665445326172 6.119278590272189 0
261 0.6657475998694071 3.857593804479242 0
262 0.6657475998694107 3.142406195520757 0
263 4.920977677646462 5.097989934921548 0
264 3.638874425462565 0.8953672983452767 0
265 19.29215428802582 3.511230017329048 0
266 5.071942900943961 1.889571129557351 0
267 0.675121513393858 5.347201851941136 0
268 0.6738126192392748 6.078938846513029 0
269 0.6789964413368317 0.920492313858547 0
270 0.6879491202808339 1.697521370054389 0
271 6.442561386411001 0.8261117982788448 0
272 6.445645270828924 6.174075313689539 0
273 19.34800897480323 6.111870221335248 0
274 6.666115392567415 3.080040918905872 0
275 2.040242623796625 0.8483782934041617 0
276 6.677008282422329 3.933985442441151 0
277 9.353067021907727 4.638398308876059 0
278 9.353067021907728 2.361601691123944 0
279 6.273304828600007 1.706016103614104 0
280 16.74925305132409 6.185636179708741 0
281 14.41085293785578 1.990395702512101 0
282 10.01333316459331 6.389058818323765 0
283 10.01333316459332 0.6109411816762331 0
284 14.48021758291182 4.994784806481536 0
285 6.278528033338922 5.31380449515976 0
286 13.40666299985468 4.121592572285039 0
287 13.46552428223993 2.79573470984934 0
288 8.423727624986066 5.112261839246035 0
289 8.422681226357772 1.874838155625635 0
290 15.51934490862041 0.8360421853400002 0
291 12.22967803908443 4.105528380309932 0
292 12.23082978118503 2.892289130202287 0
293 10.55969791691604 3.500000000000001 0
294 18.08481217908895 6.16333514357693 0
295 2.001320274612512 1.624240420564184 0
296 6.064312357681098 4.13480875626126 0
297 9.735962634847361 3.967541008309925 0
298 9.735962634847361 3.032458991690076 0
299 1.930044156901818 6.16700797478603 0
300 15.86887284174874 3.212376407858187 0
301 17.80990016678425 1.871515804892502 0
302 17.20225348148812 3.421754623275662 0
303 14.0304435122124 3.456601895560142 0
304 15.97243444344368 4.32339662183677 0
305 3.131064976795467 5.211765813421952 0
306 1.955387407228244 3.858163126836843 0
307 1.942243451321595 3.16603690676087 0
308 1.948156769932949 5.355573368966529 0
309 13.34447116521205 6.247919318288497 0
310 18.07238022640303 5.338091564177199 0
311 17.05264243563699 2.206698382667583 0
312 5.532422436012006 3.772123102744926 0
313 18.5739443155442 3.770633506403762 0
314 2.675583498427082 2.042324074428988 0
315 17.2135918772851 0.7225121788910434 0
316 6.155020274870955 2.799214552006542 0
317 11.47151786985378 0.6195583021535942 0
318 11.47151786985378 6.380441697846413 0
319 3.820101139143649 2.653241878626893 0
320 19.41618950819166 2.92261956173078 0
321 14.27971505397907 0.6948862612125422 0
322 12.76040139814536 3.227602895724992 0
323 13.17812003014049 4.773558188105424 0
324 13.17596140652332 2.22614993750733 0
325 10.49918899343359 6.448503907324665 0
326 10.4991889934336 0.5514960926753343 0
327 8.738813075814877 0.6590201031385146 0
328 8.738813075814864 6.340979896861485 0
329 9.450373858470979 5.477005984433109 0
330 9.450373858470993 1.522994015566891 0
331 11.04758495201834 3.447558848402446 0
332 16.92179200287897 5.227077791890086 0
333 12.34071089861215 4.69881925406719 0
334 12.34071089861215 2.30118074593281 0
335 12.2547220336574 1.282965497359566 0
336 12.2529941169403 5.716773752953234 0
337 18.7423749008377 6.382251886321875 0
338 18.11037666161437 3.053763946355339 0
339 1.286475010428541 0.6201724211101189 0
340 12.69616595562955 3.792436522751136 0
341 7.020534817043597 4.340435728095573 0
342 18.60301825760245 4.938557325271732 0
343 15.22179338740036 6.319518592413612 0
344 1.270684080785838 6.370616956942144 0
345 1.425931287478459 1.911036294132412 0
346 2.536512605112783 2.831862047237686 0
347 2.530842465721357 4.158674967769985 0
348 19.42830071197409 5.516536253753215 0
349 3.811345389976143 4.236559141481568 0
350 5.632830006790463 5.058918612789535 0
351 5.321563306266275 6.289499846610845 0
352 7.015003259705923 0.7566241378846503 0
353 5.300723679615921 0.6798281919138844 0
354 15.54281254868834 5.218271528449361 0
355 3.324730364433094 1.664535026128912 0
356 1.410183512132933 2.839271017393823 0
357 1.410246950675651 4.160763826701626 0
358 7.017847509574061 6.242075446794209 0
359 15.22029964014402 1.806474535277819 0
360 7.038886586826174 2.637263400674898 0
361 13.1575384419289 5.561343395820559 0
362 13.11002668612312 1.432728675390902 0
363 3.12485506303739 3.245505491513171 0
364 17.54792390332765 5.015318133641912 0
365 1.412930944940861 5.047260500476877 0
366 16.52348226933758 1.761801017846026 0
367 19.48913462096118 0.5526315789473686 0
368 15.8291845823588 2.521606572519437 0
369 0.6082350089010475 4.605035957005001 0
370 0.5619442794788299 2.404145585947402 0
371 17.62326808772362 4.15348061251704 0
372 2.598488662116171 4.993408996380218 0
373 11.79604065105497 3.876760137768952 0
374 11.78413189411789 3.115712894435917 0
375 5.693609241434132 1.959437137866709 0
376 2.832134189276321 6.366797874208393 0
377 10.98522663435848 0.5611485017783333 0
378 10.98522663435847 6.438851498221664 0
379 6.823933166308616 3.503429806053051 0
380 4.074235980607957 6.318136278368056 0
381 14.10720186765285 1.522634432219301 0
382 5.616115484091409 3.14715028881018 0
383 4.33424540596252 3.201456526637891 0
384 19.52462811075006 3.985065729270023 0
385 2.815560987652598 0.6772560812041326 0
386 18.51751868704048 0.6368361240654741 0
387 19.50375487911414 4.525685304542809 0
388 4.319728552520909 3.749698548559111 0
389 9.741896192474346 5.874925112504011 0
390 9.741896192474353 1.125074887495985 0
391 4.948295485229743 4.15001916293866 0
392 13.87399793379838 4.593483780695579 0
393 13.81469916829772 2.471020749241773 0
394 17.32966687537668 6.358721204091526 0
395 14.77392533026483 4.143585373278058 0
396 6.006357972534929 4.70119390431034 0
397 5.041412939841905 2.8708805257005 0
398 6.719861395245754 5.04358042096765 0
399 14.85521543413241 0.6595531361560547 0
400 8.109956490008242 6.240554028930786 0
401 8.11412411454825 0.7474368158901417 0
402 8.817574908467545 2.258511858743132 0
403 8.817574908467542 4.741488141256871 0
404 6.04704064318042 2.429935101033268 0
405 6.71322077707646 2.002916514925558 0
406 9.45002421429936 1.937069120775142 0
407 9.450024214299354 5.062930879224862 0
408 4.209897868204502 0.6263391873846111 0
409 13.01294432483802 0.5651907966846084 0
410 14.76337388382288 3.016762211361849 0
411 7.455235203832521 5.598870558431649 0
412 7.455235203832533 1.401129441568346 0
413 3.002560967227369 3.859591485469094 0
414 8.818319826776444 5.610334245135721 0
415 8.818319826776454 1.389665754864285 0
416 19.48437023886635 2.075439940007969 0
417 18.69153951879569 2.13227966162659 0
418 19.49298837877668 1.270289705658759 0
419 15.67474353314062 3.857220590051096 0
420 14.58051915233003 6.454372403561448 0
421 9.360986004598074 0.4451623250677188 0
422 9.36098600459807 6.554837674932282 0
423 12.23570656958942 1.771436398763151 0
424 12.23570656958942 5.22856360123685 0
425 9.454831792207566 2.731365202691515 0
426 9.452902324219799 4.26967603940221 0
427 7.645797588232472 4.817287932733074 0
428 0.4092672866099463 3.5 0
429 1.531014422228873 2.416357505469379 0
430 18.43977991248696 4.217086860275401 0
431 12.4753112456501 0.5252466116895183 0
432 17.00123363862517 3.98123254936492 0
433 16.36021347990957 5.670271216584212 0
434 1.453370802965328 4.60456877528237 0
435 3.617762327665028 2.232771821621238 0
436 7.652647911017999 2.171412510831031 0
437 10.13074567485518 3.125390523521973 0
438 10.13074567485519 3.874609476478025 0
439 0.4099931740593092 5.715046667002767 0
440 12.49207443712111 6.472686712307524 0
441 18.73545317154584 2.628550703432018 0
442 4.565868095177474 1.586727500817888 0
443 14.12727308148998 5.507536898928015 0
444 5.847442051412073 6.451132704551883 0
445 16.93284384583692 2.990107190124509 0
446 16.54431437282791 4.325143131452252 0
447 7.954428506981815 5.711941191821335 0
448 7.954428506981825 1.288058808178665 0
449 0.373859423066591 6.478920618717302 0
450 0.4181765975862461 1.289473684210527 0
451 0.3751204256470064 0.5206162507889394 0
452 3.615291249439458 4.73541131477293 0
453 5.859545684429805 0.5344713582485592 0
454 19.63359677257284 6.49305881714811 0
455 9.637465542524859 3.390457179393222 0
456 4.436881841845163 5.01954806536124 0
457 13.60022377047445 5.768927375994199 0
458 5.024152654180536 4.541024766329138 0
459 18.62086234450215 1.147603240106323 0
460 4.143221321062137 1.201912375070368 0
461 8.076454657433024 2.087344868540299 0
462 16.23125412479529 6.484969194480014 0
463 14.56613467092109 3.575018776719295 0
464 5.116500230440557 5.666017172203968 0
465 15.876717996026 1.275416663292041 0
466 14.96047504622499 5.069703299224357 0
467 8.068388838973579 4.900451297860508 0
468 5.049936254282743 1.395537743412725 0
469 16.74645414113422 0.484494432791958 0
470 18.04388124315962 1.440470563345297 0
471 0.3662496495108076 2.766934089553748 0
472 0.3728626108568385 4.234377559439453 0
473 19.55360331463035 2.528775041155944 0
474 4.143363216030344 5.764568088156214 0
475 15.98022264164448 0.5500240862531087 0
476 6.475940397197048 1.301693475494311 0
477 6.463052384867243 5.702127410450578 0
478 17.79544986298451 2.292492395903201 0
479 17.66741830128697 3.266915085784305 0
480 0.3549216668067228 2.044758956883286 0
481 0.3740656945301453 4.975205081966248 0
482 14.62771719989485 2.474143042989637 0
483 15.37008716817988 3.029436912721839 0
484 16.37759221802488 2.227259249478455 0
485 12.99637720843975 4.018171734305735 0
486 16.52283222124837 3.18840868967164 0
487 18.97232267894785 3.79644983283066 0
488 5.100518884882825 2.433818520766908 0
489 19.05022305870996 5.368413882856691 0
490 4.125225707095207 2.221782207001171 0
491 17.6536347291672 0.4579148936887685 0
492 13.00902878947363 2.947280314277622 0
493 7.389348829564372 6.565663341871919 0
494 7.390971923009505 0.427268565207251 0
495 4.843657866662628 6.487599798268476 0
496 13.66410898578573 3.747555438600576 0
497 13.62845369465228 3.235043581416424 0
498 14.51956067957308 4.556858381402598 0
499 4.80527606970849 0.4939306344210301 0
500 18.04121224483698 4.116167587179058 0
501 2.332323410446285 6.528559565458122 0
502 3.269528697440466 0.4415926323539727 0
503 15.68707574994153 6.512042524908633 0
504 18.90738910934113 4.686870106723243 0
505 11.38399340727597 3.829748787865011 0
506 11.3934739929216 3.20858899492469 0
507 16.83490317306345 1.071657779027329 0
508 12.73232328034519 4.750918378459182 0
509 12.73232328034519 2.249081621540817 0
510 19.6089429300952 4.909989029082508 0
511 16.66901085167316 4.871744241472624 0
512 4.550339485269129 5.458414681930938 0
513 7.034402614418649 3.076505482612747 0
514 13.80151866784609 6.490351961634314 0
515 7.034627889804991 3.923417180249432 0
516 3.060174413060727 5.720246852628701 0
517 15.29712141391307 1.314501592409131 0
518 12.07190286714633 4.457531453783696 0
519 12.07202039185048 2.542245843207346 0
520 0.887427582844392 3.5 0
521 1.033160101784972 1.988835528435077 0
522 2.762822840961046 4.501747091931644 0
523 7.317717308786271 4.525091623786234 0
524 12.57418780908196 5.532162955941387 0
525 12.57337560806979 1.460802145042553 0
526 15.41542152134842 5.684183809754467 0
527 9.682152489991804 4.554392191705283 0
528 9.682474067989766 2.445781348643671 0
529 0.8083912294111375 4.241143550351366 0
530 0.798435497508649 2.75924310429569 0
531 11.87445755057653 3.542920350076093 0
532 1.738922437299593 0.4314626961193455 0
533 4.630993088645849 2.084437699937588 0
534 7.48833316018206 5.190442426379243 0
535 2.356206473313937 0.4402039204377788 0
536 15.81069375130804 4.800596303021689 0
537 0.8913478643793056 0.4670772262217961 0
538 0.8123481362242941 4.968240336286268 0
539 1.73255562345047 5.733609737614177 0
540 19.5972106659647 3.193765536254297 0
541 13.0220250448687 6.577038045901147 0
542 9.517240563372832 3.725054581446624 0
543 7.493182675518287 1.792693243238805 0
544 0.8863648439955032 6.528760861494909 0
545 18.23486230218656 2.003460481914947 0
546 19.67508130374116 1.659028478146124 0
547 19.04875042317636 0.5143405673633357 0
548 11.691850998813 1.034973523760587 0
549 11.69449873009216 5.964811549862976 0
550 8.189048105070368 5.393730774447282 0
551 8.189048105070377 1.60626922555272 0
552 18.26886503991187 5.774287004909707 0
553 18.42249003180015 3.355071804731917 0
554 3.570201563848163 5.593670780663938 0
555 16.93481046967315 5.635958950396343 0
556 3.26055810451529 6.616225574898416 0
557 17.60818424531561 1.226488528156098 0
558 14.54367311548169 5.843532815639158 0
559 7.335741478540182 2.455808056174979 0
560 2.251593109676628 1.22894938034239 0
561 1.774755818013126 1.225228052862888 0
562 8.752462676671131 5.303556821324225 0
563 8.752338105405864 1.69490746377955 0
564 19.12313153103496 6.543570919288516 0
565 1.7456340730583 3.500000000000001 0
566 13.84203542987945 0.5103629466147463 0
567 3.253729789108261 1.251727274037075 0
568 6.676398002301459 0.4714749452144944 0
569 19.16912934829767 3.165039615050926 0
570 0.8814266335995136 1.283836057482036 0
571 0.8689943006032266 5.713807018358279 0
572 6.685876841354876 6.534926442263412 0
573 13.70223020584844 1.302318548701396 0
574 10.80865509635365 3.663880730628051 0
575 18.88010433423912 1.488917525635837 0
576 15.88416755358555 5.486645094186713 0
577 19.08168414482578 2.007962064046979 0
578 1.759080861940161 4.970726910585114 0
579 17.43749285217851 3.790903047326838 0
580 7.863489942521076 6.543716263117184 0
581 7.855595976084135 0.4355466894121034 0
582 10.1505505754112 0.9272397183501933 0
583 10.15055057541119 6.072760281649803 0
584 13.07937573700842 1.044233887195385 0
585 6.442754399501142 2.7656725392349 0
586 17.80230855934494 6.531581535931618 0
587 17.37958745151034 1.915693582332959 0
588 15.28182750144805 4.104456519942485 0
589 0.2915330432730343 6.08616017381504 0
590 0.2944586929140147 0.9145375024031819 0
591 12.39856396218511 3.193721228332682 0
592 3.52156680118361 3.962370248518313 0
593 4.172260031561237 4.631488923084121 0
594 19.61968663175416 5.798637504663136 0
595 15.49930711745548 2.147111219038229 0
596 6.318624012646109 3.867709703365856 0
597 6.426204971517153 4.202274491887398 0
598 6.909176185740824 4.622359878518101 0
599 2.242096168284837 2.011478611609925 0
600 13.11859650463498 4.418431553530075 0
601 8.430422593542344 4.783422833829939 0
602 8.454781545024563 2.203233546239327 0
603 3.685194582654336 1.41994690627707 0
604 10.47889029911653 3.226914303949574 0
605 10.45373550947927 3.777603011759452 0
606 19.63983791678132 3.677373273628437 0
607 6.526144565659775 3.367339055566715 0
608 2.433209613222016 2.414700263840336 0
609 0.2971142939624904 3.141584812433751 0
610 0.2980590027262107 3.858602565993849 0
611 6.0598289607715 1.135445186272671 0
612 14.92779179405381 2.108984019154582 0
613 9.842518845278811 2.721508631223903 0
614 9.842143670947856 4.278693832516542 0
615 6.065984427255167 5.873932907439565 0
616 5.666090197821374 4.094200038795684 0
617 1.103313227290936 3.908400614270631 0
618 1.101881917227338 3.091659599835438 0
619 1.108909552648258 5.306482175732669 0
620 13.07559885323726 5.151091641641496 0
621 13.07394657346684 1.84933886440235 0
622 14.29720320497189 3.157277133932443 0
623 0.3051949412014174 5.35624800715811 0
624 6.924108223624208 2.351130987760025 0
625 3.458995273692422 3.015764370166892 0
626 9.107012129523035 2.544940166498955 0
627 9.10684805911591 4.455148374495412 0
628 13.1178626422946 2.574160910768001 0
629 0.3053854516800385 1.650813994072339 0
630 3.208143074677254 2.128090600866839 0
631 5.917324161430185 3.781227242423178 0
632 1.810490255259428 2.014692955349915 0
633 19.06628895417073 2.807426656234143 0
634 19.70476853360295 0.914714143065507 0
635 18.55267780655894 5.307092750088892 0
636 10.78208573134535 3.297411271741662 0
637 6.319279509239347 2.175044493102999 0
638 19.1893498132867 5.765946305773866 0
639 12.38356839796615 3.790022800901119 0
640 8.416036067195584 6.597554660638343 0
641 8.415897496142726 0.4012276100431489 0
642 1.774132963803464 4.239260348463163 0
643 11.90488980031728 4.134023088873608 0
644 11.88873781988902 2.821468000020502 0
645 14.55887854358382 5.420449803603834 0
646 1.776074438042958 2.781940759865781 0
647 18.32838365075856 6.550775377480091 0
648 12.06527910697015 0.331840151646853 0
649 6.305077547532191 4.880026424201628 0
650 18.1726251805776 0.3925472213379244 0
651 11.73907976070559 6.595828258866415 0
652 16.66666666666666 6.619872831514909 0
653 2.473681710706513 1.62624734130562 0
654 5.433397823965167 1.701952228923097 0
655 13.05800106514451 5.948906136673975 0
656 16.06409829289674 3.610048463290255 0
657 12.43393240621556 4.37324146641268 0
658 12.41855089427174 2.65394909347421 0
659 1.670552521165511 6.566692687971549 0
660 18.44796717968659 2.882249049689157 0
661 8.898375749705533 1.006908702126499 0
662 8.898375749705529 5.993091297873507 0
663 7.066241012671984 5.185600613218575 0
664 19.71853949821638 4.236842105263158 0
665 5.771379551640435 3.467726914427136 0
666 1.088416501147002 0.9367671300968263 0
667 3.769764429012725 0.4015657117912319 0
668 13.94440713284177 2.021077428926955 0
669 19.71721783184273 5.342105263157895 0
670 13.96315918278163 4.998754174188846 0
671 17.64870967610711 6.085783606984579 0
672 15.27058096655493 0.4545871555285128 0
673 18.86307756483313 3.450335614533706 0
674 17.38341661161529 2.366515600525744 0
675 5.273399153010059 3.315486404093616 0
676 8.931019795483419 6.629411427486366 0
677 8.930996700307947 0.3703856176272171 0
678 14.70398518202456 1.664820974719543 0
679 11.07907776887532 3.75083768505181 0
680 14.51711935501586 0.3547388429936005 0
681 12.03553987647375 3.207770082026006 0
682 2.451129073454316 0.8702451808815468 0
683 5.833628048632266 1.626353159438489 0
684 16.23997350946788 4.68567189981563 0
685 17.61087965632038 4.570167823545905 0
686 17.86754779872145 5.714523277171445 0
687 5.335530672072982 4.855928248627984 0
688 12.94065354846574 3.562043683505259 0
689 17.97727320617987 2.694295706869533 0
690 9.126070098367208 2.160114901842912 0
691 9.126061556592575 4.839889707746552 0
692 6.297096645909924 0.3969101764911622 0
693 16.11559785940893 2.897632310609217 0
694 14.2196188905965 2.36103618059069 0
695 1.123615253057748 1.607217919400219 0
696 2.130406764399511 3.517694757664803 0
697 2.438052585849593 6.075439894021146 0
698 1.070235821129188 6.051308683834239 0
699 7.16682531737568 1.154939438577779 0
700 18.24710446211371 4.961744119309856 0
701 5.838254928095516 5.386397054013173 0
702 12.28451650036455 0.9326344916090528 0
703 12.28723862797661 6.066505193005561 0
704 6.270001739360888 6.593704402709644 0
705 2.753461370731907 5.388043342112251 0
706 4.366469290254358 6.641878877284245 0
707 7.167172617233573 5.841321469707717 0
708 17.29585022169043 5.315362453941042 0
709 1.585861711749288 0.8623868135298487 0
710 2.928416509685745 2.908228059853312 0
711 9.805778189328082 3.69489997018141 0
712 12.55130383793842 3.5 0
713 13.48120702905959 0.3966776338829767 0
714 4.714358590888401 3.107541695860731 0
715 16.35559380024817 1.383027584680355 0
716 7.07827548736268 1.769577284886473 0
717 1.550609507664909 5.379065195253768 0
718 13.47832587854871 4.509831488170956 0
719 6.34740415055367 3.091907518293317 0
720 2.151787728190096 5.715278531115722 0
721 9.597569902258602 2.204100301995643 0
722 9.597569902258602 4.795899698004361 0
723 2.297154816665191 3.174590757094269 0
724 9.437163625067543 3.061472114710797 0
725 9.612614039565017 6.19672346067035 0
726 9.612614039565022 0.8032765393296502 0
727 0.7222193620293709 2.112528424452969 0
728 10.28932058279783 3.51016803977417 0
729 16.94297156159522 1.809422599313003 0
730 5.374694780126706 5.302114407790414 0
731 12.60006317969971 2.930907983065625 0
732 13.88686059819402 2.954918047240623 0
733 13.81698484632327 4.176858567027493 0
734 16.80549124866148 2.494979674687578 0
735 1.536113398817719 3.186832718395812 0
736 1.536884610569023 3.815930656247536 0
737 1.569603739239588 1.557777615075796 0
738 14.172834392504 6.603501000507938 0
739 3.067777798195783 4.817796165331446 0
740 13.44904361691317 2.438056647920991 0
741 14.22540989116207 3.84872384246016 0
742 12.06647797905817 3.811366206395753 0
743 3.767053162977034 6.586665344201439 0
744 14.21283828162096 4.681993963588562 0
745 2.915312862327458 1.673637491311173 0
746 19.71339549546374 2.809952736572595 0
747 5.627979124790053 0.8910072636777269 0
748 13.97697715057672 0.9991259261029213 0
749 18.95845288954379 6.080703085529521 0
750 1.491017539380229 6.042529177337201 0
751 6.786122513074762 1.106317691254381 0
752 15.57228885046629 1.639225272775079 0
753 5.146500301741279 3.777402231386312 0
754 9.894308436853363 3.237770859730214 0
755 17.18604558595279 4.924678849615956 0
756 9.442419771836056 3.972729861590504 0
757 6.787267349995841 5.892183936545628 0
758 12.58599080253484 4.066908614568293 0
759 16.18079178115569 3.988098003029339 0
760 18.54098478783321 6.041146651845349 0
761 6.753897423015308 2.762176879642952 0
762 6.645796139006099 1.625355685073974 0
763 18.51297353641296 4.634204995467691 0
764 3.16076773910443 0.8621707561354848 0
765 5.629835030487701 6.08066832535858 0
766 2.151403704351837 4.960604742072974 0
767 5.963372690235039 5.017455577844933 0
768 14.42370307630008 1.101063784554241 0
769 7.304892334105996 2.766625802154875 0
770 16.81211103697672 3.482759575309026 0
771 3.531857188068941 5.146562925797025 0
772 9.151965460594802 1.585733050654122 0
773 9.151970865081866 5.414200322814565 0
774 4.252602514751381 2.786056039849065 0
775 3.966731142503371 3.10506585171677 0
776 17.69126693578269 5.332277762587506 0
777 17.34835839319006 3.041545658288279 0
778 15.5541302947428 3.42645769217948 0
779 11.94273187779049 1.382848749919801 0
780 11.93986627146307 5.605673942627988 0
781 7.270384281006965 4.209996360073968 0
782 15.56661495154955 4.420276992174097 0
783 4.652062008662573 3.886610266417098 0
784 6.638305487867324 5.385200271799283 0
785 2.149568946306946 4.175544496690267 0
786 9.136472368520135 0.7163569118901716 0
787 9.136476217716041 6.283609262295428 0
788 2.169430437319935 2.794381596532308 0
789 9.717380435577406 5.433307729199408 0
790 9.717380435577413 1.566692270800591 0
791 19.70242525167284 6.15096687688124 0
792 19.16541209184395 1.256535138043936 0
793 17.17948717948718 0.3152945698407352 0
794 4.218119572901649 4.131401584989136 0
795 12.12418970263095 2.153457484066353 0
796 12.12417011518026 4.846505398765489 0
797 16.30752679836859 6.087005160235437 0
798 11.2732618829452 6.128680237254038 0
799 11.27282059439868 0.8712839416832234 0
800 5.976549931752958 3.140441639074337 0
801 18.7578785979571 4.056324866201132 0
802 6.732017140582249 4.230499673457021 0
803 10.19980538050877 6.645895609111602 0
804 10.19980538050877 0.3541043908883967 0
805 5.773117843095128 2.745427469185928 0
806 7.624914530212823 4.512490987909413 0
807 13.51368225525076 2.093374914173315 0
808 13.29628784560369 3.151101698280582 0
809 5.4201975674181 2.137710241418899 0
810 13.43361821983322 6.622254207597384 0
811 8.713072336220554 5.035308846527113 0
812 8.713072336220559 1.964691153472892 0
813 5.847168910056548 4.419275550344307 0
814 13.50996053704694 4.910372856611395 0
815 5.370208963237305 6.670024202220729 0
816 17.27966654059155 1.088752679701793 0
817 14.97989658917254 6.600858668068234 0
818 13.28907429483915 3.805908154736711 0
819 16.57352641319946 5.309657864465962 0
820 18.25728433438659 1.118591712911161 0
821 3.809971958111483 6.0321087056075 0
822 3.967533806342096 3.842317636428001 0
823 10.64109764186359 6.175647240041529 0
824 10.6410976418636 0.8243527599584688 0
825 8.468027355175176 6.14051003894093 0
826 8.468698864089706 0.8572854803094732 0
827 13.71122355010018 6.145275872485979 0
828 15.08574968318884 0.969966545264688 0
829 19.77162238570643 4.605263157894736 0
830 6.224435736608103 4.472010975229878 0
831 11.68182668273317 0.3463458838556615 0
832 6.51346579440279 3.631331500566875 0
833 6.00368317931529 2.006370467943442 0
834 14.97821424276906 6.035759915430451 0
835 18.88326290768752 1.782413918268396 0
836 5.374812140129133 0.3084258920404608 0
837 18.21678216357103 3.794944507280396 0
838 16.74043594665123 2.100032184798529 0
839 17.57581898616874 0.8652277696224813 0
840 18.69119815963614 0.3006905675675489 0
841 19.36428531896774 4.246401679098708 0
842 4.53175304024622 3.48200084494591 0
843 4.150052095683715 3.480089901381278 0
844 18.88106045647049 5.051471302577325 0
845 5.057785200751463 0.9703014256890996 0
846 11.1851209481125 0.3200889552503932 0
847 11.25769859254006 6.653803267472297 0
848 15.72868118157461 2.856399965394161 0
849 19.43556280211575 5.208253562182691 0
850 2.360739477795553 5.355106071803958 0
851 4.433280663965427 0.2800674554514102 0
852 19.75081864380537 0.2947368421052627 0
853 17.02091219046836 6.632846043063036 0
854 11.28561822491715 3.547346863248791 0
855 7.669688875365399 2.459203468304538 0
856 5.686861790160393 4.748726575184865 0
857 2.444871404290579 3.789046998839456 0
858 7.884082969079474 4.655631305769074 0
859 1.249652704119224 2.17569822651972 0
860 15.63076566100326 0.3547291550524854 0
861 9.711180461710642 0.3640888425349891 0
862 9.71118046171064 6.635911157465012 0
863 2.866722156762266 4.214078544592582 0
864 2.693352498189362 3.182483848829749 0
865 1.120109192601554 4.906040342805294 0
866 2.872006476683999 3.503995307663788 0
867 9.98359468717166 4.095121518153327 0
868 10.0065998994604 2.907774940607952 0
869 5.308007164352585 4.139563922722762 0
870 11.02062663931114 3.188525993627734 0
871 5.048211062412013 6.044857958052473 0
872 0.2216699839717773 6.77762489152143 0
873 0.2219852346168807 0.2222593258551298 0
874 19.78019406493808 6.781159441129132 0
875 16.77033398404694 1.498336374743274 0
876 16.34040307971654 0.378121041546879 0
877 1.125150279784755 4.307906318792568 0
878 1.142350003661582 2.69475441174988 0
879 13.36855511241866 1.196899896303266 0
880 2.83584738628532 2.42004829180137 0
881 7.896435734155022 2.341123906619339 0
882 2.363084895144985 4.561811199810855 0
883 19.78039729783382 1.289473684210526 0
884 7.009799405000023 0.3353644533772155 0
885 17.29767727883815 4.223729544672334 0
886 17.60725444455201 1.583988274315302 0
887 5.390336867672655 2.852595518797507 0
888 17.22260837215718 5.99723041631799 0
889 1.281085413652331 6.720916842722365 0
890 0.2566231191592721 2.401062463318993 0
891 0.271032662857607 4.605028982840035 0
892 12.06697359318414 6.669151468711298 0
893 2.840433052992633 5.999898132261297 0
894 19.73630077356798 2.283016566766003 0
895 3.514772636232238 4.386594188934225 0
896 14.17219738916499 0.3265825080704254 0
897 7.014143714580574 6.666145852082212 0
898 17.8822287004654 4.907760019555232 0
899 9.480191097262637 5.764523416323238 0
900 9.480191097262649 1.235476583676764 0
901 17.18265850064604 2.654535746988136 0
902 19.37911213122036 0.8666385440600424 0
903 19.7889443596739 0.573469144402575 0
904 19.30604475054195 2.657023456953892 0
905 4.445943715570563 6.276372874835117 0
906 15.89760340093236 0.8985690167503009 0
907 19.23235858880658 4.671997846480282 0
908 3.650576037959421 1.866791384115019 0
909 3.371266065375435 3.508724218115896 0
910 12.85826835197105 5.42432846919893 0
911 12.84051392897886 1.590723428041307 0
912 15.49719275108787 6.08224607474222 0
913 18.72003347059268 6.726233419044826 0
914 9.408773255803993 3.301539875786075 0
915 11.63409753383406 4.041166788240943 0
916 11.64366772434668 2.909293434679397 0
917 10.74668610382132 6.66917762175078 0
918 10.67702733705066 0.3072394819512603 0
919 15.22474444628714 5.318450802889672 0
920 3.48915632759727 2.557620501317349 0
921 7.094899455246908 3.499999999999998 0
922 8.190852796508725 5.924625882137489 0
923 8.174285582166807 1.059500765167358 0
924 19.75639128937214 3.931349029618144 0
925 4.624289537949489 4.728646916096098 0
926 9.957014376126143 5.718532885412685 0
927 9.957014376126146 1.281467114587312 0
928 12.41851389300754 2.022769368125247 0
929 12.41851189428808 4.977226844408615 0
930 19.29483856727739 3.848459156376307 0
931 15.38688057331515 4.900720300362378 0
932 18.06370979039073 3.401078288889471 0
933 1.282051282051276 0.2570955840918816 0
934 2.82051282051282 6.735207957247974 0
935 16.17454036124052 2.505649896672311 0
936 12.84314312133127 1.304896293649076 0
937 12.8559782503005 5.685612082908636 0
938 13.04534546009372 3.268016475303954 0
939 6.30684493425689 2.515766012901124 0
940 19.79166375753399 2.020044117687872 0
941 15.34385034661998 6.63701305467891 0
942 12.87838112718521 6.233772586256066 0
943 7.760089696240053 5.460725074443716 0
944 7.770180779154715 1.556000443171313 0
945 18.7675344431393 0.8520886982269409 0
946 18.72916083748569 4.365765345003675 0
947 2.818447279376958 0.2862166397188535 0
948 10.95881020245785 0.8581600888948051 0
949 10.95889846016714 6.141832746892646 0
950 9.179380006404466 5.707627847088119 0
951 9.179379105656631 1.292361048489999 0
952 11.71990617946899 3.352444945074537 0
953 12.03128739144024 1.070935081126278 0
954 12.03273256515499 5.943391052606627 0
955 15.96863387054696 2.217486513534682 0
956 4.342252448276899 1.904142604264232 0
957 16.21257837952995 3.324298100885289 0
958 14.84203824917938 4.695535747672526 0
959 5.737052068439858 2.313728216450416 0
960 11.6055107570512 3.725003292201041 0
961 15.49331049623443 2.595761462031952 0
962 17.77239809634147 2.936372391465472 0
963 8.509484217319065 5.44163183115746 0
964 8.509316935905705 1.556305923124747 0
965 5.335213306211244 5.958268578541261 0
966 15.86609468971222 5.143124233241438 0
967 15.01607381249501 1.525160222503498 0